0 0.295637684773648
0.2 0.395757374694424
0.4 0.487424139306853
0.6 0.552323909442989
0.8 0.575823582452226
1 0.552323909442989
1.2 0.487424139306853
1.4 0.395757374694424
1.6 0.295637684773648
1.8 0.203188611151513
2 0.128483608169808
2.2 0.0747489127228202
2.4 0.040010209804258
2.6 0.0197035994709976
2.8 0.00892748452119639
3 0.00372152922815454
3.2 0.00142732395837927
3.4 0.000503654212165626
3.6 0.000163512582674997
3.8 4.88403400768974e-05
4 1.34219301238672e-05
4.2 3.39359538743813e-06
4.4 7.8943057251711e-07
4.6 1.6895716556725e-07
4.8 3.32696385095994e-08
5 6.02737680041673e-09
5.2 1.00465603039632e-09
5.4 1.54068992231983e-10
5.6 2.17381149752592e-11
5.8 2.82187202567219e-12
6 3.37024552094854e-13
6.2 3.70334829952843e-14
6.4 3.74400458252438e-15
6.6 3.48246673845888e-16
6.8 2.98020662461936e-17
7 2.34646763098139e-18
7.2 1.69977545077027e-19
7.4 1.13286283845222e-20
7.6 6.94659376401029e-22
7.8 3.91900002866474e-23
8 2.03417083991775e-24
8.2 9.71422985140818e-26
8.4 4.26813472183851e-27
8.6 1.72534780831654e-28
8.8 6.41688102172055e-30
9 2.19573593993118e-31
9.2 6.91265730464781e-33
9.4 2.00225200474312e-34
9.6 5.33582085663123e-36
9.8 1.30825540157253e-37
10 2.95115911771161e-39
10.2 6.12493534480348e-41
10.4 1.1695510533484e-42
10.6 2.05468690650074e-44
10.8 3.32109206936007e-46
11 4.93884015921637e-48
11.2 6.75737186686875e-50
11.4 8.50627582451653e-52
11.6 9.85167090688072e-54
11.8 1.04975783301084e-55
12 1.02914636659907e-57
12.2 9.28269239952748e-60
12.4 7.7033488762218e-62
12.6 5.88157944707005e-64
12.8 4.13158946770595e-66
13 2.67023293789453e-68
13.2 1.58777854411314e-70
13.4 8.68639356104946e-73
13.6 4.37217834585863e-75
13.8 2.02472026081857e-77
14 8.62662623266469e-80
14.2 3.38162719801396e-82
14.4 1.21960519921057e-84
14.6 4.04689186124877e-87
14.8 1.23547148213796e-89
15 3.47018512653105e-92
15.2 8.96770588132621e-95
15.4 2.13215543227677e-97
15.6 4.66407107069063e-100
15.8 9.38685806369385e-103
16 1.73813752503908e-105
16.2 2.96112549548397e-108
16.4 4.64128550646554e-111
16.6 6.69311903520318e-114
16.8 8.88029935844216e-117
17 1.08401541199823e-119
17.2 1.21745270952669e-122
17.4 1.25799100991904e-125
17.6 1.19594654244037e-128
17.8 1.04605565312177e-131
18 8.41795514494584e-135
18.2 6.23257074612104e-138
18.4 4.24557600095472e-141
18.6 2.66081583009022e-144
18.8 1.5342700407699e-147
19 8.13949736852656e-151
19.2 3.97284995024859e-154
19.4 1.78408495653578e-157
19.6 7.37119148266115e-161
19.8 2.80200333656037e-164
20 9.7996010663745e-168
