0 0.00430562194876917
0.2 0.00596739502282108
0.4 0.00815646192716353
0.6 0.0109947908187813
0.8 0.0146163946643687
1 0.0191629198561465
1.2 0.0247771435882561
1.4 0.0315943135755506
1.6 0.0397314800137392
1.8 0.0492752338431856
2 0.0602685547486033
2.2 0.0726977538266497
2.4 0.0864807286292905
2.6 0.101457888516322
2.8 0.117387115689022
3 0.133943972749001
3.2 0.150728040136369
3.4 0.167275778877183
3.6 0.183079703944884
3.8 0.197612983196771
4 0.210357925623191
4.2 0.220836276953357
4.4 0.228638881208732
4.6 0.233452155416949
4.8 0.235078993144898
5 0.233452155416949
5.2 0.228638881208732
5.4 0.220836276953357
5.6 0.210357925623191
5.8 0.197612983196771
6 0.183079703944884
6.2 0.167275778877183
6.4 0.150728040136369
6.6 0.133943972749002
6.8 0.117387115689022
7 0.101457888516322
7.2 0.0864807286292906
7.4 0.0726977538266498
7.6 0.0602685547486033
7.8 0.0492752338431856
8 0.0397314800137392
8.2 0.0315943135755506
8.4 0.0247771435882561
8.6 0.0191629198561465
8.8 0.0146163946643687
9 0.0109947908187814
9.2 0.00815646192716353
9.4 0.00596739502282109
9.6 0.00430562194876917
9.8 0.00306376276074623
10 0.0021500200211502
10.2 0.00148798312958708
10.4 0.00101559754571488
10.6 0.0006836178754621
10.8 0.000453809214656815
11 0.000297099103979245
11.2 0.000191821598687246
11.4 0.00012214109314454
11.6 7.66997999309714e-05
11.8 4.75001293047063e-05
12 2.9011052488906e-05
12.2 1.74743210241865e-05
12.4 1.03801891478496e-05
12.6 6.08104695491285e-06
12.8 3.5133351326153e-06
13 2.00183801608794e-06
13.2 1.12488057862183e-06
13.4 6.23378811964585e-07
13.6 3.40695021576855e-07
13.8 1.83631706506627e-07
14 9.76107579481555e-08
14.2 5.11700489222807e-08
14.4 2.64546555663887e-08
14.6 1.34882784531549e-08
14.8 6.78233233871133e-09
15 3.3633320248974e-09
15.2 1.64485852732039e-09
15.4 7.93332947145188e-10
15.6 3.77355394980977e-10
15.8 1.77016507547531e-10
16 8.18926839551643e-11
16.2 3.73632438215449e-11
16.4 1.68117210474552e-11
16.6 7.46015599264176e-12
16.8 3.26476386062863e-12
17 1.40904146037247e-12
17.2 5.9974122480279e-13
17.4 2.51751556583475e-13
17.6 1.0421939768378e-13
17.8 4.2549365236811e-14
18 1.71319084276312e-14
18.2 6.80278170991355e-15
18.4 2.66400759465614e-15
18.6 1.02885107103421e-15
18.8 3.91866106281983e-16
19 1.47194309781186e-16
19.2 5.45271091510259e-17
19.4 1.99205836050544e-17
19.6 7.17727809539504e-18
19.8 2.5502668317916e-18
20 8.93674988455603e-19
