0 0.0449924720943234
0.2 0.0619259696324942
0.4 0.0828976156606239
0.6 0.107931329721576
0.8 0.136675062229995
1 0.168332237961716
1.2 0.201642270432619
1.4 0.234926562841919
1.6 0.266206671268627
1.8 0.293387772303583
2 0.314486023077494
2.2 0.32786643008495
2.4 0.332451900334527
2.6 0.32786643008495
2.8 0.314486023077494
3 0.293387772303583
3.2 0.266206671268627
3.4 0.234926562841919
3.6 0.20164227043262
3.8 0.168332237961716
4 0.136675062229995
4.2 0.107931329721577
4.4 0.0828976156606239
4.6 0.0619259696324942
4.8 0.0449924720943234
5 0.031793852922015
5.2 0.0218515742447579
5.4 0.0146069170779738
5.6 0.0094966550198312
5.8 0.00600508313717436
6 0.00369320700994835
6.2 0.00220914662869176
6.4 0.00128523249690926
6.6 0.000727235579204801
6.8 0.000400225543017351
7 0.000214225295885256
7.2 0.000111525188137405
7.4 5.64691749073482e-05
7.6 2.78090519963653e-05
7.8 1.33197842557546e-05
8 6.20503822552502e-06
8.2 2.81143467178901e-06
8.4 1.23893292894525e-06
8.6 5.31011418472576e-07
8.8 2.21358492376826e-07
9 8.97480003545277e-08
9.2 3.53907395537909e-08
9.4 1.35734660063213e-08
9.6 5.06323570818607e-09
9.8 1.83696886646803e-09
10 6.48204005672478e-10
10.2 2.22463051230238e-10
10.4 7.42575015612684e-11
10.6 2.41078811017323e-11
10.8 7.61226700697054e-12
11 2.3377886714761e-12
11.2 6.98285060849139e-13
11.4 2.02860044419085e-13
11.6 5.73187282588908e-14
11.8 1.57518961634684e-14
12 4.21022590294747e-15
12.2 1.09449610874098e-15
12.4 2.76731953743939e-16
12.6 6.80519635972463e-17
12.8 1.62763971099346e-17
13 3.78627503342745e-18
13.2 8.56647797639076e-19
13.4 1.88507533948788e-19
13.6 4.03451547645366e-20
13.8 8.39827949525015e-21
14 1.70029988875419e-21
14.2 3.34808899444088e-22
14.4 6.41216552225546e-23
14.6 1.19439704513692e-23
14.8 2.16385911084287e-24
15 3.81281299210074e-25
15.2 6.53428832419989e-26
15.4 1.08914912517197e-26
15.6 1.76568271125779e-27
15.8 2.78403215299216e-28
16 4.26945158517331e-29
16.2 6.3680461763228e-30
16.4 9.23797067173217e-31
16.6 1.30341651289454e-31
16.8 1.78865311305259e-32
17 2.38729061717899e-33
17.2 3.0989939180257e-34
17.4 3.91266279831262e-35
17.6 4.80463480092893e-36
17.8 5.73831795712526e-37
18 6.66568979750583e-38
18.2 7.53081282756303e-39
18.4 8.27513090831814e-40
18.6 8.8439067826268e-41
18.8 9.19284006140096e-42
19 9.29376135662993e-43
19.2 9.13838799490787e-44
19.4 8.73944662557401e-45
19.6 8.12895163861589e-46
19.8 7.3539624788294e-47
20 6.47059985922338e-48
