0.005 0
0.015 0
0.025 0
0.035 0
0.045 0
0.055 0
0.065 0
0.075 0
0.085 0
0.095 0
0.105 0
0.115 0
0.125 0
0.135 0
0.145 0
0.155 0
0.165 0
0.175 0
0.185 0
0.195 0
0.205 0
0.215 0
0.225 9.99999999999999e-05
0.235 0.000800000000000001
0.245 0.0013
0.255 0.0031
0.265 0.00649999999999999
0.275 0.0133
0.285 0.0213000000000001
0.295 0.0346
0.305 0.0562999999999999
0.315 0.1006
0.325 0.1545
0.335 0.2314
0.345 0.3401
0.355 0.487200000000002
0.365 0.692299999999999
0.375 0.973599999999999
0.385 1.3032
0.395 1.6639
0.405 2.0936
0.415 2.62660000000001
0.425 3.1771
0.435 3.7314
0.445 4.3246
0.455 4.8658
0.465 5.3355
0.475 5.66940000000003
0.485 5.98079999999999
0.495 6.10399999999999
0.505 6.12219999999999
0.515 5.98209999999999
0.525 5.66529999999999
0.535 5.3206
0.545 4.8559
0.555 4.2894
0.565 3.7662
0.575 3.18260000000003
0.585 2.6204
0.595 2.1175
0.605 1.6763
0.615 1.29
0.625 0.957099999999999
0.635 0.704199999999999
0.645 0.4938
0.655 0.3458
0.665 0.2299
0.675 0.1577
0.685 0.0951999999999999
0.695 0.0589999999999999
0.705 0.0324000000000003
0.715 0.0197
0.725 0.0113
0.735 0.00689999999999999
0.745 0.0028
0.755 0.0017
0.765 4e-04
0.775 4e-04
0.785 9.99999999999999e-05
0.795 9.99999999999999e-05
0.805 9.99999999999999e-05
0.815 0
0.825 0
0.835 0
0.845 0
0.855 0
0.865 0
0.875 0
0.885 0
0.895 0
0.905 0
0.915 0
0.925 0
0.935 0
0.945 0
0.955 0
0.965 0
0.975 0
0.985 0
0.995 0
