0 0.00204659941150583
0.2 0.00283930852241373
0.4 0.00389244204209662
0.6 0.00527304589113705
0.8 0.00705879833999305
1 0.00933748304798441
1.2 0.0122055879777422
1.4 0.0157658507936815
1.6 0.0201236125203054
1.8 0.0253819104928804
2 0.0316353393700674
2.2 0.0389628319018474
2.4 0.0474196516702303
2.6 0.0570290361632624
2.8 0.0677740644904092
3 0.0795904314601329
3.2 0.0923608697730628
3.4 0.105911957944096
3.6 0.120013971305631
3.8 0.134384272566476
4 0.14869450182568
4.2 0.162581528877775
4.4 0.175661798067636
4.6 0.18754836052993
4.8 0.197869587272789
5 0.206288325842467
5.2 0.212520134609709
5.4 0.216349223557294
5.6 0.217640856887841
5.8 0.216349223557294
6 0.212520134609709
6.2 0.206288325842467
6.4 0.197869587272789
6.6 0.18754836052993
6.8 0.175661798067636
7 0.162581528877775
7.2 0.14869450182568
7.4 0.134384272566476
7.6 0.120013971305631
7.8 0.105911957944096
8 0.0923608697730629
8.2 0.0795904314601329
8.4 0.0677740644904092
8.6 0.0570290361632624
8.8 0.0474196516702303
9 0.0389628319018474
9.2 0.0316353393700674
9.4 0.0253819104928804
9.6 0.0201236125203054
9.8 0.0157658507936815
10 0.0122055879777422
10.2 0.00933748304798441
10.4 0.00705879833999306
10.6 0.00527304589113704
10.8 0.00389244204209662
11 0.00283930852241374
11.2 0.00204659941150583
11.4 0.00145774960162235
11.6 0.001026036582578
11.8 0.000713629159196689
12 0.000490469670148502
12.2 0.000333105308133878
12.4 0.000223553141825002
12.6 0.000148255164115924
12.8 9.71557949432748e-05
13 6.29154658821782e-05
13.2 4.02602021992038e-05
13.4 2.5458001877588e-05
13.6 1.59075209635172e-05
13.8 9.82223955366934e-06
14 5.99305643212763e-06
14.2 3.6133999980559e-06
14.4 2.15284885518995e-06
14.6 1.26747927998869e-06
14.8 7.3739132506804e-07
15 4.23921074536888e-07
15.2 2.40825138191392e-07
15.4 1.35191210457637e-07
15.6 7.49937244324782e-08
15.8 4.11084608170351e-08
16 2.22672885753711e-08
16.2 1.19188206920978e-08
16.4 6.30418664564242e-09
16.6 3.29499429256191e-09
16.8 1.70180618716757e-09
17 8.68551065626977e-10
17.2 4.38036645291938e-10
17.4 2.18300815776034e-10
17.6 1.07505355740106e-10
17.8 5.2316016756812e-11
18 2.51575918743162e-11
18.2 1.19545516340534e-11
18.4 5.61341750386497e-12
18.6 2.60466110300571e-12
18.8 1.19427662475935e-12
19 5.41113622272891e-13
19.2 2.42271222062959e-13
19.4 1.07187716848301e-13
19.6 4.68616998760261e-14
19.8 2.02451446365049e-14
20 8.6427819641048e-15
