0 3
0.05 2.58212392927517
0.1 2.22245466204515
0.15 1.91288445486532
0.2 1.64643490828208
0.25 1.41709965822304
0.3 1.2197089792218
0.35 1.04981324733347
0.4 0.903582635736606
0.45 0.777720781937675
0.5 0.669390480445289
0.55 0.576149725862262
0.6 0.49589666466476
0.65 0.426822214759541
0.7 0.367369284758946
0.75 0.316197673685593
0.8 0.272153859868237
0.85 0.234244998003459
0.9 0.201616538219249
0.95 0.173532962624515
1 0.149361205103592
1.05 0.128556380601121
1.1 0.11064950220372
1.15 0.0952369091342038
1.2 0.0819711673418776
1.25 0.0705532375680273
1.3 0.0607257343374131
1.35 0.0522671239184805
1.4 0.0449867304614331
1.45 0.0387204377414396
1.5 0.0333269896147269
1.55 0.0286848057916305
1.6 0.0246892411470601
1.65 0.0212502267871563
1.7 0.0182902396965469
1.75 0.0157425551975442
1.8 0.013549742827838
1.85 0.0116623717304284
1.9 0.0100378963724138
1.95 0.00863969747426472
2 0.00743625652999908
2.05 0.00640044531011312
2.1 0.00550891433108672
2.15 0.00474156650620865
2.2 0.00408110411264368
2.25 0.00351263886237352
2.3 0.00302335628714553
2.35 0.00260222687192101
2.4 0.00223975742513004
2.45 0.00192777708106667
2.5 0.0016592531104435
