0.005 0
0.015 0
0.025 0
0.035 0
0.045 0
0.055 0
0.065 0
0.075 0
0.085 0
0.095 0
0.105 0
0.115 0
0.125 0
0.135 0
0.145 0
0.155 0
0.165 0
0.175 0
0.185 0
0.195 0
0.205 0
0.215 2e-04
0.225 9.99999999999999e-05
0.235 0.001
0.245 0.0021
0.255 0.0048
0.265 0.00799999999999999
0.275 0.0152
0.285 0.0271000000000001
0.295 0.044
0.305 0.0745999999999999
0.315 0.117
0.325 0.1782
0.335 0.2676
0.345 0.3953
0.355 0.539600000000003
0.365 0.757999999999999
0.375 1.0415
0.385 1.3555
0.395 1.7514
0.405 2.1807
0.415 2.67030000000001
0.425 3.2115
0.435 3.7442
0.445 4.2526
0.455 4.7945
0.465 5.23619999999999
0.475 5.54200000000003
0.485 5.82429999999999
0.495 5.95969999999999
0.505 5.96029999999999
0.515 5.82699999999999
0.525 5.58229999999999
0.535 5.234
0.545 4.7552
0.555 4.2647
0.565 3.7356
0.575 3.19790000000003
0.585 2.6622
0.595 2.2245
0.605 1.7418
0.615 1.358
0.625 1.0099
0.635 0.778999999999999
0.645 0.5403
0.655 0.3868
0.665 0.2747
0.675 0.1747
0.685 0.1171
0.695 0.0750999999999999
0.705 0.0456000000000005
0.715 0.0259
0.725 0.0141
0.735 0.00759999999999999
0.745 0.0044
0.755 0.0021
0.765 0.000899999999999999
0.775 4e-04
0.785 4e-04
0.795 9.99999999999999e-05
0.805 9.99999999999999e-05
0.815 0
0.825 9.99999999999999e-05
0.835 0
0.845 0
0.855 0
0.865 0
0.875 0
0.885 0
0.895 0
0.905 0
0.915 0
0.925 0
0.935 0
0.945 0
0.955 0
0.965 0
0.975 0
0.985 0
0.995 0
