0.005 0
0.015 3e-04
0.025 7e-04
0.035 0.002
0.045 0.0033
0.055 0.0074
0.065 0.0116
0.075 0.0179
0.085 0.027
0.095 0.0335
0.105 0.0516
0.115 0.0677
0.125 0.0828999999999999
0.135 0.1034
0.145 0.1332
0.155 0.1597
0.165 0.1971
0.175 0.2233
0.185 0.2711
0.195 0.3173
0.205 0.364800000000001
0.215 0.4232
0.225 0.4873
0.235 0.552300000000001
0.245 0.635799999999999
0.255 0.699499999999999
0.265 0.784299999999999
0.275 0.886799999999999
0.285 0.968600000000005
0.295 1.083
0.305 1.1806
0.315 1.2994
0.325 1.3996
0.335 1.51
0.345 1.6142
0.355 1.72680000000001
0.365 1.8248
0.375 1.9325
0.385 2.0147
0.395 2.1071
0.405 2.2131
0.415 2.27310000000001
0.425 2.342
0.435 2.4431
0.445 2.4551
0.455 2.5388
0.465 2.6047
0.475 2.60160000000001
0.485 2.6565
0.495 2.6707
0.505 2.6689
0.515 2.6512
0.525 2.6333
0.535 2.6198
0.545 2.5171
0.555 2.4886
0.565 2.435
0.575 2.34580000000002
0.585 2.2997
0.595 2.1806
0.605 2.118
0.615 2.0312
0.625 1.9068
0.635 1.7984
0.645 1.7097
0.655 1.5994
0.665 1.4856
0.675 1.3846
0.685 1.2975
0.695 1.1856
0.705 1.08990000000001
0.715 0.980399999999999
0.725 0.889499999999999
0.735 0.796799999999999
0.745 0.712999999999999
0.755 0.619299999999999
0.765 0.570299999999999
0.775 0.4895
0.785 0.4233
0.795 0.3639
0.805 0.3159
0.815 0.2701
0.825 0.2317
0.835 0.193900000000002
0.845 0.1609
0.855 0.1275
0.865 0.1079
0.875 0.0799999999999999
0.885 0.0602999999999999
0.895 0.0482
0.905 0.0345
0.915 0.0265
0.925 0.0174
0.935 0.011
0.945 0.00869999999999999
0.955 0.00520000000000005
0.965 0.0018
0.975 0.000699999999999999
0.985 9.99999999999999e-05
0.995 0
