0 0.000475774652793092
0.2 0.00066093006162691
0.4 0.00090967962017527
0.6 0.00124050974271818
0.8 0.00167606419512802
1 0.00224367460525558
1.2 0.00297582817373213
1.4 0.00391052065950532
1.6 0.00509143346669964
1.8 0.00656786649033255
2 0.00839435465490219
2.2 0.010629897248547
2.4 0.0133367366014194
2.6 0.0165786375259795
2.8 0.0204186419348984
3 0.0249163042409401
3.2 0.0301244517597156
3.4 0.0360855586661212
3.6 0.0428278693899359
3.8 0.0503614540406118
4 0.0586744201605075
4.2 0.0677295370505044
4.4 0.0774615463614556
4.6 0.0877754314316476
4.8 0.0985458949245494
5 0.109618248269548
5.2 0.120810847866283
5.4 0.131919124898141
5.6 0.142721153113961
5.8 0.152984589301153
6 0.162474713102284
6.2 0.170963195767681
6.4 0.178237150648986
6.6 0.18410796981433
6.8 0.188419437098053
7 0.191054631323431
7.2 0.191941194150742
7.4 0.191054631323431
7.6 0.188419437098053
7.8 0.18410796981433
8 0.178237150648986
8.2 0.170963195767681
8.4 0.162474713102284
8.6 0.152984589301153
8.8 0.142721153113961
9 0.131919124898141
9.2 0.120810847866283
9.4 0.109618248269548
9.6 0.0985458949245493
9.8 0.0877754314316476
10 0.0774615463614556
10.2 0.0677295370505044
10.4 0.0586744201605075
10.6 0.0503614540406118
10.8 0.0428278693899359
11 0.0360855586661212
11.2 0.0301244517597156
11.4 0.0249163042409401
11.6 0.0204186419348984
11.8 0.0165786375259795
12 0.0133367366014194
12.2 0.010629897248547
12.4 0.00839435465490219
12.6 0.00656786649033254
12.8 0.00509143346669963
13 0.00391052065950532
13.2 0.00297582817373212
13.4 0.00224367460525558
13.6 0.00167606419512801
13.8 0.00124050974271818
14 0.00090967962017527
14.2 0.000660930061626909
14.4 0.000475774652793092
14.6 0.000339332808122521
14.8 0.000239788944480402
15 0.000167884737388543
15.2 0.000116458724748462
15.4 8.00408329412867e-05
15.6 5.45041942249989e-05
15.8 3.67728256305724e-05
16 2.45811861741457e-05
16.2 1.62801133589659e-05
16.4 1.06829394742626e-05
16.6 6.94548960901492e-06
16.8 4.47397670795575e-06
17 2.855376141856e-06
17.2 1.80555901882747e-06
17.4 1.13119846247938e-06
17.6 7.02173892942736e-07
17.8 4.31846401520276e-07
18 2.63143524172371e-07
18.2 1.58867412863178e-07
18.4 9.50289026827599e-08
18.6 5.63190551890835e-08
18.8 3.30699669811412e-08
19 1.92393731062789e-08
19.2 1.10898795031998e-08
19.4 6.33346671640696e-09
19.6 3.58372694975963e-09
19.8 2.00912560013891e-09
20 1.11598412578478e-09
