0 0.241970724519143
0.2 0.289691552761483
0.4 0.3332246028918
0.6 0.368270140303323
0.8 0.391042693975456
1 0.398942280401433
1.2 0.391042693975456
1.4 0.368270140303323
1.6 0.3332246028918
1.8 0.289691552761483
2 0.241970724519143
2.2 0.194186054983213
2.4 0.149727465635745
2.6 0.110920834679456
2.8 0.0789501583008941
3 0.0539909665131881
3.2 0.0354745928462314
3.4 0.0223945302948429
3.6 0.0135829692336856
3.8 0.00791545158297996
4 0.00443184841193801
4.2 0.00238408820146484
4.4 0.00123221916847302
4.6 0.000611901930113771
4.8 0.00029194692579146
5 0.000133830225764885
5.2 5.89430677565399e-05
5.4 2.49424712900535e-05
5.6 1.01408520654867e-05
5.8 3.96129909103206e-06
6 1.4867195147343e-06
6.2 5.36103534469762e-07
6.4 1.85736184455529e-07
6.6 6.18262050016583e-08
6.8 1.97731964062446e-08
7 6.07588284982329e-09
7.2 1.79378390796408e-09
7.4 5.08814028164505e-10
7.6 1.38667999416531e-10
7.8 3.63096150179177e-11
8 9.13472040836459e-12
8.2 2.20798996313713e-12
8.4 5.12775363679666e-13
8.6 1.14415649018014e-13
8.8 2.45285528569641e-14
9 5.05227108353689e-15
9.2 9.99837874849707e-16
9.4 1.90108153790796e-16
9.6 3.47296274856615e-17
9.8 6.09575812956242e-18
10 1.02797735716689e-18
10.2 1.6655880323799e-19
10.4 2.59286470110038e-20
10.6 3.8781119317469e-21
10.8 5.57300002272071e-22
11 7.69459862670642e-23
11.2 1.02073055943059e-23
11.4 1.30096161992392e-24
11.6 1.59311113270094e-25
11.8 1.8743724023418e-26
12 2.11881925350935e-27
12.2 2.30123070884811e-28
12.4 2.40134540000854e-29
12.6 2.40756113183926e-30
12.8 2.31914677725611e-31
13 2.14638373566306e-32
13.2 1.90859913463677e-33
13.4 1.63061073483965e-34
13.6 1.33848679925426e-35
13.8 1.05561635024528e-36
14 7.99882775700681e-38
14.2 5.82337559973643e-39
14.4 4.07334767752783e-40
14.6 2.73751419235523e-41
14.8 1.76762241025351e-42
15 1.09660655938897e-43
15.2 6.53642677531851e-45
15.4 3.74333057988502e-46
15.6 2.05970102240888e-47
15.8 1.08887595532772e-48
16 5.53070954984442e-50
16.2 2.69905364438831e-51
16.4 1.26552404660473e-52
16.6 5.70108489094112e-54
16.8 2.46758905156558e-55
17 1.0261630727919e-56
17.2 4.10004053583326e-58
17.4 1.57393987977657e-59
17.6 5.80518880652876e-61
17.8 2.0571823030286e-62
18 7.00418213431858e-64
18.2 2.29123852369944e-65
18.4 7.20130815271861e-67
18.6 2.17460663429915e-68
18.8 6.30925735560376e-70
19 1.7587495425951e-71
19.2 4.71040200308976e-73
19.4 1.2121047949078e-74
19.6 2.99675049817287e-76
19.8 7.11851203923889e-78
20 1.62463603677361e-79
