0.01 1.67391754489455
0.06 0.919658276518057
0.11 0.732719577781005
0.16 0.629533750938952
0.21 0.559818853747076
0.26 0.50788164978699
0.31 0.466878057644364
0.36 0.433237705193117
0.41 0.404873296879755
0.46 0.380463684999971
0.51 0.359122050295842
0.56 0.340225530048047
0.61 0.323320605020487
0.66 0.308067222502319
0.71 0.294204115154182
0.76 0.281526374367182
0.81 0.269870439707194
0.86 0.2591037526576
0.91 0.249117442271183
0.96 0.239821038709858
1.01 0.231138577427513
1.06 0.223005678242395
1.11 0.215367321359717
1.16 0.208176130457454
1.21 0.201391030553658
1.26 0.19497618686995
1.31 0.188900157131058
1.36 0.183135207920471
1.41 0.177656758517638
1.46 0.172442924794285
1.51 0.16747414237685
1.56 0.162732853144031
1.61 0.15820324273522
1.66 0.153871019449914
1.71 0.149723226966031
1.76 0.145748084870152
1.81 0.141934852199303
1.86 0.138273710131659
1.91 0.134755660697915
1.96 0.131372438964409
2.01 0.128116436599052
2.06 0.124980635098846
2.11 0.121958547253361
2.16 0.119044165657656
2.21 0.116231917282491
2.26 0.113516623268587
2.31 0.110893463242158
2.36 0.108357943556641
2.41 0.105905868954793
2.46 0.103533317219626
2.51 0.101236616444748
2.56 0.0990123246067886
2.61 0.0968572111664536
2.66 0.0947682404618719
2.71 0.0927425566893306
2.76 0.0907774702932765
2.81 0.0888704456103092
2.86 0.0870190896314538
2.91 0.0852211417638046
2.96 0.0834744644870973
3.01 0.0817770348132618
3.06 0.0801269364678224
3.11 0.0785223527214025
3.16 0.0769615598077549
3.21 0.0754429208718676
3.26 0.0739648803979186
3.31 0.0725259590723086
3.36 0.0711247490417916
3.41 0.0697599095309347
3.46 0.0684301627868537
3.51 0.067134290322451
3.56 0.0658711294322843
3.61 0.0646395699577687
3.66 0.0634385512806999
3.71 0.0622670595261186
3.76 0.0611241249573472
3.81 0.0600088195476487
3.86 0.0589202547144007
3.91 0.0578575792029725
3.96 0.0568199771086544
4.01 0.0558066660260278
4.06 0.0548168953161046
4.11 0.0538499444824065
4.16 0.0529051216479144
4.21 0.0519817621255076
4.26 0.0510792270751318
4.31 0.0501969022414965
4.36 0.049334196766613
4.41 0.0484905420719458
4.46 0.0476653908053696
