-0.5 6.64511921271779e-34
-0.49 3.137723507038e-33
-0.48 1.458651598394e-32
-0.47 6.6759562084541e-32
-0.46 3.00815626107954e-31
-0.45 1.33448074380975e-30
-0.44 5.82839848510523e-30
-0.43 2.50617369881807e-29
-0.42 1.06095778855316e-28
-0.41 4.42191152470477e-28
-0.4 1.81445832792457e-27
-0.39 7.33008404157616e-27
-0.38 2.91538500499211e-26
-0.37 1.14158402694815e-25
-0.36 4.40093401824808e-25
-0.35 1.67034752282135e-24
-0.34 6.24156968154495e-24
-0.33 2.29617939538415e-23
-0.32 8.31654254761129e-23
-0.31 2.96554704504275e-22
-0.3 1.04109851830387e-21
-0.29 3.59835365676439e-21
-0.28 1.22444946946755e-20
-0.27 4.10206838357966e-20
-0.26 1.35297549484599e-19
-0.25 4.39341240042864e-19
-0.24 1.40455586755755e-18
-0.23 4.42080207391227e-18
-0.22 1.36989768054711e-17
-0.21 4.17926774813503e-17
-0.2 1.25527033821751e-16
-0.19 3.71192629303586e-16
-0.18 1.08065340770871e-15
-0.17 3.09740872052777e-15
-0.16 8.74048661884395e-15
-0.15 2.42827413458517e-14
-0.14 6.641785130672e-14
-0.13 1.7885329080334e-13
-0.12 4.74169980154154e-13
-0.11 1.23764525499801e-12
-0.1 3.18041148541024e-12
-0.09 8.04628574123187e-12
-0.08 2.00416094796726e-11
-0.07 4.91467434168732e-11
-0.06 1.18653868464406e-10
-0.05 2.82029192856697e-10
-0.04 6.59980696158898e-10
-0.03 1.52052444866763e-09
-0.02 3.44889988875026e-09
-0.01 7.70180954709688e-09
0 1.69328463622254e-08
0.01 3.66515348987303e-08
0.02 7.81050962319437e-08
0.03 1.638670301795e-07
0.04 3.38476717083067e-07
0.05 6.88321005833904e-07
0.0600000000000001 1.37809213036231e-06
0.0700000000000001 2.71637977410554e-06
0.08 5.2714213305634e-06
0.09 1.00714030667913e-05
0.1 1.8944241910415e-05
0.11 3.50824157228573e-05
0.12 6.3962695357966e-05
0.13 0.00011481246158478
0.14 0.000202897317994749
0.15 0.000353011286102644
0.16 0.000604680384518471
0.17 0.00101973699846078
0.18 0.0016930722016429
0.19 0.00276750100682106
0.2 0.0044537424796906
0.21 0.0070564687505728
0.22 0.011007146563154
0.23 0.0169039065057302
0.24 0.0255578561143784
0.25 0.0380440519218054
0.26 0.0557537542791101
0.27 0.0804426694052928
0.28 0.114267792352763
0.29 0.159803470265676
0.3 0.220025786182052
0.31 0.298253784346529
0.32 0.398036913870629
0.33 0.522980798583903
0.34 0.676508322213064
0.35 0.861560042985881
0.36 1.080246731806
0.37 1.33347653831424
0.38 1.6205886872396
0.39 1.93903314585873
0.4 2.28413973625694
0.41 2.64901923215462
0.42 3.02463211865682
0.43 3.40004773224819
0.44 3.76289824537329
0.45 4.1000102365231
0.46 4.39817406875319
0.47 4.6449911659351
0.48 4.82972471115504
0.49 4.94407292584654
0.5 4.98278748516688
0.51 4.94407292584654
0.52 4.82972471115504
0.53 4.6449911659351
0.54 4.39817406875319
0.55 4.1000102365231
0.56 3.76289824537329
0.57 3.40004773224818
0.58 3.02463211865682
0.59 2.64901923215461
0.6 2.28413973625693
0.61 1.93903314585872
0.62 1.62058868723959
0.63 1.33347653831424
0.64 1.08024673180599
0.65 0.861560042985879
0.66 0.676508322213066
0.67 0.522980798583903
0.68 0.398036913870629
0.69 0.298253784346529
0.7 0.220025786182052
0.71 0.159803470265676
0.72 0.114267792352763
0.73 0.0804426694052928
0.74 0.0557537542791101
0.75 0.0380440519218054
0.76 0.0255578561143784
0.77 0.0169039065057302
0.78 0.011007146563154
0.79 0.0070564687505728
0.8 0.00445374247969057
0.81 0.00276750100682104
0.82 0.00169307220164289
0.83 0.00101973699846077
0.84 0.000604680384518466
0.85 0.000353011286102643
0.86 0.000202897317994748
0.87 0.000114812461584779
0.88 6.39626953579658e-05
0.89 3.50824157228572e-05
0.9 1.89442419104149e-05
0.91 1.00714030667914e-05
0.92 5.27142133056345e-06
0.93 2.71637977410554e-06
0.94 1.37809213036231e-06
0.95 6.88321005833904e-07
0.96 3.38476717083067e-07
0.97 1.638670301795e-07
0.98 7.81050962319437e-08
0.99 3.66515348987303e-08
1 1.69328463622254e-08
1.01 7.70180954709688e-09
1.02 3.44889988875026e-09
1.03 1.52052444866763e-09
1.04 6.59980696158898e-10
1.05 2.82029192856697e-10
1.06 1.18653868464406e-10
1.07 4.91467434168732e-11
1.08 2.00416094796726e-11
1.09 8.04628574123176e-12
1.1 3.18041148541022e-12
1.11 1.23764525499799e-12
1.12 4.74169980154148e-13
1.13 1.78853290803339e-13
1.14 6.64178513067196e-14
1.15 2.42827413458513e-14
1.16 8.74048661884369e-15
1.17 3.09740872052777e-15
1.18 1.08065340770871e-15
1.19 3.71192629303586e-16
1.2 1.25527033821751e-16
1.21 4.17926774813503e-17
1.22 1.36989768054711e-17
1.23 4.42080207391227e-18
1.24 1.40455586755755e-18
1.25 4.39341240042864e-19
1.26 1.35297549484599e-19
1.27 4.10206838357966e-20
1.28 1.22444946946755e-20
1.29 3.59835365676439e-21
1.3 1.04109851830387e-21
1.31 2.96554704504275e-22
1.32 8.31654254761129e-23
1.33 2.29617939538415e-23
1.34 6.24156968154483e-24
1.35 1.67034752282132e-24
1.36 4.40093401824808e-25
1.37 1.14158402694812e-25
1.38 2.91538500499205e-26
1.39 7.33008404157602e-27
1.4 1.81445832792454e-27
1.41 4.42191152470477e-28
1.42 1.06095778855316e-28
1.43 2.50617369881807e-29
1.44 5.82839848510523e-30
1.45 1.33448074380975e-30
1.46 3.00815626107954e-31
1.47 6.6759562084541e-32
1.48 1.458651598394e-32
1.49 3.137723507038e-33
1.5 6.64511921271779e-34
