-0.5 2.10223599985824e-18
-0.49 4.84914082663797e-18
-0.48 1.10917494606854e-17
-0.47 2.51586441207995e-17
-0.46 5.65882598251409e-17
-0.45 1.26216860184492e-16
-0.44 2.79164591092185e-16
-0.43 6.12287253042227e-16
-0.42 1.331686602635e-15
-0.41 2.87210801778381e-15
-0.4 6.14258867201615e-15
-0.39 1.30272883481795e-14
-0.38 2.73973491161434e-14
-0.37 5.71366782240909e-14
-0.36 1.18160782564993e-13
-0.35 2.42316872737294e-13
-0.34 4.92771836746829e-13
-0.33 9.93710842210893e-13
-0.32 1.98712919611024e-12
-0.31 3.94043444376281e-12
-0.3 7.74843573343484e-12
-0.29 1.51090058832618e-11
-0.28 2.92152543509619e-11
-0.27 5.60190035426685e-11
-0.26 1.06515549815165e-10
-0.25 2.00836467452096e-10
-0.24 3.75512208056923e-10
-0.23 6.96237600527352e-10
-0.22 1.28009680395716e-09
-0.21 2.33388836581374e-09
-0.2 4.21958044784462e-09
-0.19 7.56502538760069e-09
-0.18 1.34494162438727e-08
-0.17 2.37109200390212e-08
-0.16 4.14519822519748e-08
-0.15 7.18611441265192e-08
-0.14 1.23536381924109e-07
-0.13 2.10594756854686e-07
-0.12 3.56001770147247e-07
-0.11 5.96772341511561e-07
-0.1 9.92012495190192e-07
-0.09 1.63522502390892e-06
-0.08 2.67294383290654e-06
-0.07 4.33265459317581e-06
-0.06 6.96418386787254e-06
-0.05 1.1100392013001e-05
-0.04 1.7545200279881e-05
-0.03 2.74998465369184e-05
-0.02 4.27419307927764e-05
-0.01 6.5876410881046e-05
0 0.000100683348059744
0.01 0.000152593942713717
0.02 0.000229334221982463
0.03 0.000341784500917638
0.04 0.00050511211987204
0.05 0.000740244416463032
0.0600000000000001 0.00107575758671334
0.0700000000000001 0.00155026385457062
0.08 0.00221538265591934
0.09 0.00313937942550769
0.1 0.00441154578066305
0.11 0.00614737490020676
0.12 0.00849455309044508
0.13 0.0116397404646009
0.14 0.01581604838645
0.15 0.0213110378028478
0.16 0.0284749611563073
0.17 0.0377288534488614
0.18 0.0495719497834157
0.19 0.0645877745998828
0.2 0.0834481219864996
0.21 0.106914039796155
0.22 0.135832858078639
0.23 0.171130281271169
0.24 0.213796610571695
0.25 0.264866293333849
0.26 0.325390222011688
0.27 0.396400532263797
0.28 0.478868076560687
0.29 0.573653264625034
0.3 0.681451543026427
0.31 0.802735399900002
0.32 0.937695383501915
0.33 1.08618316359424
0.34 1.24766008644361
0.35 1.42115492174638
0.36 1.60523452309681
0.37 1.79799088446437
0.38 1.99704755269742
0.39 2.19958755154302
0.4 2.40240391238366
0.41 2.60197264304541
0.42 2.79454657489266
0.43 2.9762671057426
0.44 3.14328951003903
0.45 3.29191632962323
0.46 3.41873249272464
0.47 3.52073532244972
0.48 3.59545254926482
0.49 3.64104186090388
0.5 3.65636639571573
0.51 3.64104186090388
0.52 3.59545254926482
0.53 3.52073532244972
0.54 3.41873249272464
0.55 3.29191632962323
0.56 3.14328951003903
0.57 2.9762671057426
0.58 2.79454657489266
0.59 2.60197264304541
0.6 2.40240391238366
0.61 2.19958755154301
0.62 1.99704755269741
0.63 1.79799088446437
0.64 1.60523452309681
0.65 1.42115492174638
0.66 1.24766008644361
0.67 1.08618316359424
0.68 0.937695383501915
0.69 0.802735399900002
0.7 0.681451543026427
0.71 0.573653264625034
0.72 0.478868076560687
0.73 0.396400532263797
0.74 0.325390222011688
0.75 0.264866293333849
0.76 0.213796610571695
0.77 0.171130281271169
0.78 0.135832858078639
0.79 0.106914039796155
0.8 0.0834481219864993
0.81 0.0645877745998827
0.82 0.0495719497834155
0.83 0.0377288534488613
0.84 0.0284749611563072
0.85 0.0213110378028477
0.86 0.01581604838645
0.87 0.0116397404646009
0.88 0.00849455309044505
0.89 0.00614737490020674
0.9 0.00441154578066303
0.91 0.0031393794255077
0.92 0.00221538265591935
0.93 0.00155026385457062
0.94 0.00107575758671334
0.95 0.000740244416463032
0.96 0.00050511211987204
0.97 0.000341784500917638
0.98 0.000229334221982463
0.99 0.000152593942713717
1 0.000100683348059744
1.01 6.5876410881046e-05
1.02 4.27419307927764e-05
1.03 2.74998465369184e-05
1.04 1.7545200279881e-05
1.05 1.1100392013001e-05
1.06 6.96418386787254e-06
1.07 4.33265459317581e-06
1.08 2.67294383290654e-06
1.09 1.63522502390891e-06
1.1 9.92012495190183e-07
1.11 5.96772341511558e-07
1.12 3.56001770147245e-07
1.13 2.10594756854685e-07
1.14 1.23536381924109e-07
1.15 7.18611441265184e-08
1.16 4.14519822519743e-08
1.17 2.37109200390212e-08
1.18 1.34494162438727e-08
1.19 7.56502538760069e-09
1.2 4.21958044784462e-09
1.21 2.33388836581374e-09
1.22 1.28009680395716e-09
1.23 6.96237600527352e-10
1.24 3.75512208056923e-10
1.25 2.00836467452096e-10
1.26 1.06515549815165e-10
1.27 5.60190035426685e-11
1.28 2.92152543509619e-11
1.29 1.51090058832618e-11
1.3 7.74843573343484e-12
1.31 3.94043444376281e-12
1.32 1.98712919611024e-12
1.33 9.93710842210887e-13
1.34 4.92771836746825e-13
1.35 2.42316872737292e-13
1.36 1.18160782564992e-13
1.37 5.71366782240905e-14
1.38 2.73973491161434e-14
1.39 1.30272883481794e-14
1.4 6.14258867201615e-15
1.41 2.87210801778377e-15
1.42 1.331686602635e-15
1.43 6.12287253042227e-16
1.44 2.79164591092185e-16
1.45 1.26216860184492e-16
1.46 5.65882598251409e-17
1.47 2.51586441207995e-17
1.48 1.10917494606854e-17
1.49 4.84914082663797e-18
1.5 2.10223599985824e-18
