0 0.000850036660252035
0.2 0.00103616272221697
0.4 0.00125800130958144
0.6 0.00152123757746365
0.8 0.00183221240162016
1 0.00219794800318627
1.2 0.00262616392896442
1.4 0.00312528100042078
1.6 0.00370441073153812
1.8 0.00437332766738895
2 0.00514242212635177
2.2 0.00602263095329992
2.4 0.00702534412145411
2.6 0.00816228536725522
2.8 0.00944536551277054
3 0.0108865077269161
3.2 0.0124974446983706
3.4 0.014289488532023
3.6 0.0162732751234595
3.8 0.0184584857921038
4 0.020853550036283
4.2 0.0234653343794317
4.4 0.0262988233668652
4.6 0.029356799803303
4.8 0.0326395322455349
5 0.0361444785336363
5.2 0.0398660147097541
5.4 0.0437951989902778
5.6 0.0479195804849144
5.8 0.0522230620621866
6 0.0566858261224896
6.2 0.061284331046456
6.4 0.0659913847411071
6.6 0.070776300027132
6.8 0.0756051346311386
7 0.0804410163156249
7.2 0.0852445512598436
7.4 0.0899743112723844
7.6 0.0945873928569972
7.8 0.0990400386596927
8 0.103288309493456
8.2 0.107288793062073
8.4 0.110999333776459
8.6 0.114379766755772
8.8 0.11739263829829
9 0.120003894843014
9.2 0.122183522751731
9.4 0.123906122130206
9.6 0.125151399360366
9.8 0.125904564993933
10 0.126156626101008
10.2 0.125904564993933
10.4 0.125151399360366
10.6 0.123906122130206
10.8 0.122183522751731
11 0.120003894843014
11.2 0.11739263829829
11.4 0.114379766755772
11.6 0.110999333776459
11.8 0.107288793062073
12 0.103288309493456
12.2 0.0990400386596927
12.4 0.0945873928569971
12.6 0.0899743112723843
12.8 0.0852445512598436
13 0.0804410163156249
13.2 0.0756051346311386
13.4 0.070776300027132
13.6 0.065991384741107
13.8 0.061284331046456
14 0.0566858261224896
14.2 0.0522230620621866
14.4 0.0479195804849144
14.6 0.0437951989902778
14.8 0.0398660147097541
15 0.0361444785336363
15.2 0.0326395322455349
15.4 0.029356799803303
15.6 0.0262988233668652
15.8 0.0234653343794317
16 0.020853550036283
16.2 0.0184584857921038
16.4 0.0162732751234594
16.6 0.014289488532023
16.8 0.0124974446983706
17 0.0108865077269161
17.2 0.00944536551277054
17.4 0.00816228536725522
17.6 0.0070253441214541
17.8 0.00602263095329992
18 0.00514242212635177
18.2 0.00437332766738895
18.4 0.00370441073153811
18.6 0.00312528100042078
18.8 0.00262616392896442
19 0.00219794800318627
19.2 0.00183221240162016
19.4 0.00152123757746365
19.6 0.00125800130958144
19.8 0.00103616272221697
20 0.000850036660252035
