0 0.00147728280397934
0.2 0.00180035206039812
0.4 0.00218434402967117
0.6 0.00263848386099332
0.8 0.00317290921844573
1 0.00379866200793248
1.2 0.00452765641122854
1.4 0.00537261937121633
1.6 0.00634699983855009
1.8 0.0074648434316143
2 0.00874062969790316
2.2 0.0101890699092952
2.4 0.0118248642820772
2.6 0.0136624186817407
2.8 0.0157155222386239
3 0.0179969888377294
3.2 0.0205182671164491
3.4 0.0232890253569717
3.6 0.0263167194336314
3.8 0.029606153696864
4 0.0331590462642496
4.2 0.0369736115598185
4.4 0.0410441740086165
4.6 0.0453608274707594
4.8 0.049909155211915
5 0.0546700248919979
5.2 0.0596194721648468
5.4 0.0647286849944043
5.6 0.0699640987082414
5.8 0.0752876091557082
6 0.0806569081730478
6.2 0.0860259419677459
6.4 0.0913454891323428
6.6 0.0965638509204943
6.8 0.101627642320172
7 0.106482668507451
7.2 0.1110748676306
7.4 0.115351297725641
7.6 0.11926114305599
7.8 0.122756713434441
8 0.125794409230998
8.2 0.128335624865338
8.4 0.130347564658485
8.6 0.131803946961939
8.8 0.132685575437984
9 0.132980760133811
9.2 0.132685575437984
9.4 0.131803946961939
9.6 0.130347564658485
9.8 0.128335624865338
10 0.125794409230998
10.2 0.122756713434441
10.4 0.11926114305599
10.6 0.115351297725641
10.8 0.1110748676306
11 0.106482668507451
11.2 0.101627642320172
11.4 0.0965638509204942
11.6 0.0913454891323428
11.8 0.0860259419677459
12 0.0806569081730478
12.2 0.0752876091557081
12.4 0.0699640987082414
12.6 0.0647286849944043
12.8 0.0596194721648468
13 0.0546700248919979
13.2 0.0499091552119149
13.4 0.0453608274707593
13.6 0.0410441740086165
13.8 0.0369736115598185
14 0.0331590462642496
14.2 0.0296061536968639
14.4 0.0263167194336314
14.6 0.0232890253569717
14.8 0.0205182671164491
15 0.0179969888377294
15.2 0.0157155222386239
15.4 0.0136624186817407
15.6 0.0118248642820771
15.8 0.0101890699092951
16 0.00874062969790316
16.2 0.0074648434316143
16.4 0.00634699983855008
16.6 0.00537261937121633
16.8 0.00452765641122854
17 0.00379866200793248
17.2 0.00317290921844573
17.4 0.00263848386099332
17.6 0.00218434402967117
17.8 0.00180035206039812
18 0.00147728280397934
18.2 0.00120681207600643
18.4 0.000981489040127784
18.6 0.000794696067154946
18.8 0.000640599323117336
19 0.000514092998763702
19.2 0.000410739722824338
19.4 0.000326709320425123
19.6 0.000258717702069636
19.8 0.000203967310037924
20 0.00016009021720694
