0.01 0
0.01 0.00574189646351226
0.02 0.00640599323117336
0.03 0.00713896157344256
0.04 0.00794696067154947
0.05 0.00883658651476702
0.06 0.00981489040127786
0.07 0.0108893968539997
0.08 0.0120681207600643
0.09 0.0133595835277211
0.1 0.0147728280397934
0.11 0.0163174321686298
0.12 0.0180035206039812
0.13 0.0198417747325862
0.14 0.0218434402967117
0.15 0.0240203325486974
0.16 0.0263848386099332
0.17 0.0289499167359297
0.18 0.0317290921844573
0.19 0.0347364493814086
0.2 0.0379866200793248
0.21 0.0414947672066806
0.22 0.0452765641122854
0.23 0.0493481689187543
0.24 0.0537261937121633
0.25 0.0584276683118951
0.26 0.0634699983855009
0.27 0.0688709176982607
0.28 0.074648434316143
0.29 0.0808207706140912
0.3 0.0874062969790316
0.31 0.0944234591386706
0.32 0.101890699092952
0.33 0.109826369674848
0.34 0.118248642820772
0.35 0.12717541168806
0.36 0.136624186817407
0.37 0.146611986601424
0.38 0.157155222386239
0.39 0.168269578600759
0.4 0.179969888377294
0.41 0.192270005197109
0.42 0.205182671164491
0.43 0.218719382582255
0.44 0.232890253569717
0.45 0.247703878529977
0.46 0.263167194336314
0.47 0.279285343166549
0.48 0.29606153696864
0.49 0.313496924589623
0.5 0.331590462642496
0.51 0.350338791220834
0.52 0.369736115598185
0.53 0.389774095067668
0.54 0.410441740086165
0.55 0.431725318886306
0.56 0.453608274707594
0.57 0.476071154775035
0.58 0.49909155211915
0.59 0.522644061285028
0.6 0.546700248919979
0.61 0.571228640159358
0.62 0.596194721648468
0.63 0.621560961945219
0.64 0.647286849944043
0.65 0.673328951846863
0.66 0.699640987082414
0.67 0.726173923441835
0.68 0.752876091557082
0.69 0.779693318700544
0.7 0.806569081730478
0.71 0.833444678848862
0.72 0.860259419677459
0.73 0.886950832995849
0.74 0.913454891323428
0.75 0.939706251367675
0.76 0.965638509204942
0.77 0.991184468909342
0.78 1.01627642320172
0.79 1.04084644455587
0.8 1.06482668507451
0.81 1.08814968333509
0.82 1.110748676306
0.83 1.13255791434919
0.84 1.15351297725641
0.85 1.17355108921433
0.86 1.1926114305599
0.87 1.21063544417139
0.88 1.22756713434441
0.89 1.24335335602443
0.9 1.25794409230998
0.91 1.27129271820175
0.92 1.28335624865338
0.93 1.29409556907849
0.94 1.30347564658485
0.95 1.3114657203398
0.96 1.31803946961939
0.97 1.32317515825671
0.98 1.32685575437984
0.99 1.32906902451659
1 1.32980760133811
1.01 1.32906902451659
1.02 1.32685575437984
1.03 1.32317515825671
1.04 1.31803946961939
1.05 1.3114657203398
1.06 1.30347564658485
1.07 1.29409556907849
1.08 1.28335624865338
1.09 1.27129271820175
1.1 1.25794409230998
1.11 1.24335335602443
1.12 1.22756713434441
1.13 1.21063544417139
1.14 1.1926114305599
1.15 1.17355108921433
1.16 1.15351297725641
1.17 1.13255791434919
1.18 1.110748676306
1.19 1.08814968333509
1.2 1.06482668507451
1.21 1.04084644455587
1.22 1.01627642320172
1.23 0.991184468909342
1.24 0.965638509204942
1.25 0.939706251367675
1.26 0.913454891323428
1.27 0.886950832995849
1.28 0.860259419677459
1.29 0.833444678848861
1.3 0.806569081730478
1.31 0.779693318700543
1.32 0.752876091557081
1.33 0.726173923441835
1.34 0.699640987082414
1.35 0.673328951846863
1.36 0.647286849944043
1.37 0.621560961945219
1.38 0.596194721648468
1.39 0.571228640159357
1.4 0.546700248919978
1.41 0.522644061285028
1.42 0.49909155211915
1.43 0.476071154775035
1.44 0.453608274707594
1.45 0.431725318886306
1.46 0.410441740086165
1.47 0.389774095067668
1.48 0.369736115598185
1.49 0.350338791220834
1.5 0.331590462642496
1.51 0.313496924589623
1.52 0.29606153696864
1.53 0.279285343166549
1.54 0.263167194336314
1.55 0.247703878529977
1.56 0.232890253569717
1.57 0.218719382582255
1.58 0.205182671164491
1.59 0.192270005197109
1.6 0.179969888377293
1.61 0.168269578600759
1.62 0.157155222386238
1.63 0.146611986601424
1.64 0.136624186817407
1.65 0.12717541168806
1.66 0.118248642820771
1.67 0.109826369674847
1.68 0.101890699092952
1.69 0.0944234591386706
1.7 0.0874062969790316
1.71 0.0808207706140912
1.72 0.074648434316143
1.73 0.0688709176982607
1.74 0.0634699983855009
1.75 0.0584276683118951
1.76 0.0537261937121633
1.77 0.0493481689187543
1.78 0.0452765641122854
1.79 0.0414947672066806
1.8 0.0379866200793248
1.81 0.0347364493814086
1.82 0.0317290921844573
1.83 0.0289499167359296
1.84 0.0263848386099332
1.85 0.0240203325486974
1.86 0.0218434402967117
1.87 0.0198417747325862
1.88 0.0180035206039812
1.89 0.0163174321686298
1.9 0.0147728280397933
1.91 0.0133595835277211
1.92 0.0120681207600643
1.93 0.0108893968539997
1.94 0.00981489040127786
1.95 0.00883658651476702
1.96 0.00794696067154947
1.97 0.00713896157344256
1.98 0.00640599323117336
1.99 0.00574189646351226
1.99 0
