0.005 0
0.015 0
0.025 0
0.035 0
0.045 0
0.055 0
0.065 0
0.075 0
0.085 0
0.095 0
0.105 0
0.115 0
0.125 0
0.135 0
0.145 0
0.155 2e-04
0.165 3e-04
0.175 0.001
0.185 0.000999999999999999
0.195 0.0017
0.205 0.00350000000000001
0.215 0.00609999999999999
0.225 0.0103
0.235 0.0162
0.245 0.0266
0.255 0.0374
0.265 0.0576999999999999
0.275 0.0895999999999999
0.285 0.129000000000001
0.295 0.1806
0.305 0.252
0.315 0.3491
0.325 0.4586
0.335 0.608799999999999
0.345 0.788399999999999
0.355 0.982200000000005
0.365 1.2298
0.375 1.5106
0.385 1.8062
0.395 2.1294
0.405 2.5245
0.415 2.87410000000001
0.425 3.2058
0.435 3.6172
0.445 3.958
0.455 4.2194
0.465 4.4816
0.475 4.72090000000002
0.485 4.8467
0.495 4.9359
0.505 4.8859
0.515 4.8386
0.525 4.6616
0.535 4.5052
0.545 4.2219
0.555 3.8976
0.565 3.5999
0.575 3.26440000000003
0.585 2.8451
0.595 2.4955
0.605 2.1501
0.615 1.8089
0.625 1.5071
0.635 1.2548
0.645 0.988199999999999
0.655 0.791499999999999
0.665 0.609699999999999
0.675 0.4511
0.685 0.3405
0.695 0.2579
0.705 0.185200000000002
0.715 0.1272
0.725 0.0893999999999999
0.735 0.0599999999999999
0.745 0.0394
0.755 0.0263
0.765 0.0172
0.775 0.00789999999999999
0.785 0.005
0.795 0.003
0.805 0.0024
0.815 2e-04
0.825 3e-04
0.835 0.000500000000000005
0.845 0
0.855 9.99999999999999e-05
0.865 0
0.875 0
0.885 0
0.895 0
0.905 0
0.915 0
0.925 0
0.935 0
0.945 0
0.955 0
0.965 0
0.975 0
0.985 0
0.995 0
