0.005 0
0.015 0
0.025 0
0.035 0
0.045 0
0.055 0
0.065 0
0.075 0
0.085 0
0.095 0
0.105 0
0.115 0
0.125 0
0.135 0
0.145 0
0.155 0
0.165 0
0.175 0
0.185 0
0.195 0.000599999999999999
0.205 0.000700000000000001
0.215 0.0012
0.225 0.0023
0.235 0.00420000000000001
0.245 0.00779999999999999
0.255 0.0137
0.265 0.0251
0.275 0.0359
0.285 0.0604000000000003
0.295 0.0922999999999999
0.305 0.1322
0.315 0.1977
0.325 0.2957
0.335 0.4107
0.345 0.5434
0.355 0.754000000000004
0.365 0.966599999999999
0.375 1.2569
0.385 1.5891
0.395 1.9533
0.405 2.358
0.415 2.79800000000001
0.425 3.2833
0.435 3.6567
0.445 4.1347
0.455 4.5588
0.465 4.8969
0.475 5.13970000000002
0.485 5.3888
0.495 5.4509
0.505 5.47209999999999
0.515 5.3625
0.525 5.1357
0.535 4.8851
0.545 4.5543
0.555 4.1458
0.565 3.6766
0.575 3.25680000000003
0.585 2.8128
0.595 2.3568
0.605 1.9535
0.615 1.5735
0.625 1.2601
0.635 0.978599999999999
0.645 0.743599999999999
0.655 0.5498
0.665 0.4089
0.675 0.2788
0.685 0.205
0.695 0.1407
0.705 0.096200000000001
0.715 0.0574999999999999
0.725 0.037
0.735 0.0197
0.745 0.0127
0.755 0.00769999999999999
0.765 0.0033
0.775 0.0025
0.785 0.0017
0.795 3e-04
0.805 3e-04
0.815 4e-04
0.825 9.99999999999999e-05
0.835 0
0.845 0
0.855 0
0.865 0
0.875 0
0.885 0
0.895 0
0.905 0
0.915 0
0.925 0
0.935 0
0.945 0
0.955 0
0.965 0
0.975 0
0.985 0
0.995 0
