0 0.000683247293704529
0.2 0.00094888559339166
0.4 0.00130494436597897
0.6 0.00177710198259541
0.8 0.00239648611488584
1 0.00320021895838961
1.2 0.00423181507457619
1.4 0.00554135380369905
1.6 0.00718533944065521
1.8 0.00922615846933016
2 0.0117310460944876
2.2 0.0147704859428279
2.4 0.0184159885817531
2.6 0.022737227193538
2.8 0.0277985521344011
3 0.0336549587716237
3.2 0.040347642125285
3.4 0.0478993332599146
3.6 0.0563096706729747
3.8 0.0655509088497831
4 0.0755642991244138
4.2 0.0862574888182426
4.4 0.0975032683156617
4.6 0.109139949240022
4.8 0.120973579817324
5 0.132782098571156
5.2 0.144321400640917
5.4 0.155333151233148
5.6 0.165554039360161
5.8 0.174726034829069
6 0.182607105261187
6.2 0.188981779284581
6.4 0.193670915808048
6.6 0.196540062470413
6.8 0.197505859364495
7 0.196540062470413
7.2 0.193670915808048
7.4 0.188981779284581
7.6 0.182607105261187
7.8 0.174726034829069
8 0.165554039360161
8.2 0.155333151233148
8.4 0.144321400640917
8.6 0.132782098571156
8.8 0.120973579817324
9 0.109139949240022
9.2 0.0975032683156617
9.4 0.0862574888182427
9.6 0.0755642991244138
9.8 0.0655509088497831
10 0.0563096706729748
10.2 0.0478993332599146
10.4 0.0403476421252851
10.6 0.0336549587716237
10.8 0.0277985521344011
11 0.0227372271935381
11.2 0.0184159885817531
11.4 0.0147704859428279
11.6 0.0117310460944876
11.8 0.00922615846933017
12 0.00718533944065522
12.2 0.00554135380369905
12.4 0.0042318150745762
12.6 0.00320021895838961
12.8 0.00239648611488585
13 0.00177710198259542
13.2 0.00130494436597897
13.4 0.000948885593391661
13.6 0.000683247293704529
13.8 0.000487174107650679
14 0.000343979600272299
14.2 0.000240504600154897
14.4 0.000166516126069792
14.6 0.000114164589831342
14.8 7.75083967498394e-05
15 5.21084671130501e-05
15.2 3.46904595081881e-05
15.4 2.2869360388121e-05
15.6 1.49293257849203e-05
15.8 9.65091705378761e-06
16 6.17787592505758e-06
16.2 3.91608393383655e-06
16.4 2.45814225434984e-06
16.6 1.52793276439104e-06
16.8 9.40467271177296e-07
17 5.73225286461611e-07
17.2 3.45978574160737e-07
17.4 2.06783213435361e-07
17.6 1.22383696475251e-07
17.8 7.17255791901238e-08
18 4.16262005499641e-08
18.2 2.39222316539026e-08
18.4 1.36137829411568e-08
18.6 7.67181573424865e-09
18.8 4.28114281158239e-09
19 2.36572074696323e-09
19.2 1.29452205124746e-09
19.4 7.01451483154377e-10
19.6 3.76381296492116e-10
19.8 1.99986482105317e-10
20 1.05224157928587e-10
