0 0
0.05 0.0249843798817954
0.1 0.049875156119873
0.15 0.0745793093018311
0.2 0.0990049833749168
0.25 0.123062054625676
0.3 0.146662685579
0.35 0.169721859053373
0.4 0.192157887830465
0.45 0.213892895668207
0.5 0.234853265703369
0.55 0.254970052648232
0.6 0.274179355581369
0.65 0.292422648559488
0.7 0.309647066730219
0.75 0.325805646098566
0.8 0.340857515586485
0.85 0.354768040519395
0.9 0.36750891716915
0.95 0.379058218473923
1 0.389400391535702
1.05 0.398526207959765
1.1 0.406432668542419
1.15 0.413122864228343
1.2 0.418605795642619
1.25 0.422896153851081
1.3 0.426014065312446
1.35 0.427984804254196
1.4 0.428838475929091
1.45 0.428609674389178
1.5 0.427337118548192
1.55 0.425063270391407
1.6 0.421833939234439
1.65 0.41769787593054
1.7 0.412706360880968
1.75 0.406912789617299
1.8 0.400372259600647
1.85 0.393141161723644
1.9 0.385276779810155
1.95 0.376836901188603
2 0.367879441171442
2.05 0.358462084009714
2.1 0.348641942611894
2.15 0.338475239024559
2.2 0.328017007372876
2.25 0.317320820655542
2.3 0.306438542485553
2.35 0.295420104568597
2.4 0.284313310418546
2.45 0.273163665527477
2.5 0.262014233938872
2.55 0.250905520919577
2.6 0.239875381190886
2.65 0.228958951963684
2.7 0.218188609828208
2.75 0.207593950376883
2.8 0.197201789289463
2.85 0.187036183483809
2.9 0.177118470832985
2.95 0.167467326869805
3 0.158098836842796
3.05 0.149026581452082
3.1 0.140261734578729
3.15 0.131813171325506
3.2 0.12368758470928
3.25 0.115889609383857
3.3 0.10842195082538
3.35 0.101285518478573
3.4 0.0944795614395212
3.45 0.0880018053373965
3.5 0.0818485891719282
3.55 0.0760150009636206
3.6 0.0704950111781767
3.65 0.06528160299363
3.7 0.0603668985868576
3.75 0.0557422807240477
3.8 0.0513985090460658
3.85 0.0473258305433618
3.9 0.0435140838150845
3.95 0.0399527968025555
4 0.0366312777774684
4.05 0.0335386994495184
4.1 0.0306641761361838
4.15 0.0279968340087132
4.2 0.0255258744928214
4.25 0.0232406309600356
4.3 0.0211306188960663
4.35 0.0191855797760812
4.4 0.0173955189135056
4.45 0.015750737579197
4.5 0.0142418597118429
