0 0.0146449825619265
0.2 0.0178160153147355
0.4 0.0215009643918046
0.6 0.0257413278937322
0.8 0.0305724045368766
1 0.0360208446721537
1.2 0.0421021071102433
1.4 0.0488179361583824
1.6 0.0561539928772721
1.8 0.0640777884323282
2 0.0725370734839229
2.2 0.081458834099072
2.4 0.0907490304698815
2.6 0.100293189318874
2.8 0.109957924663505
3 0.119593415967282
3.2 0.129036819944321
3.4 0.138116535584824
3.6 0.146657185166198
3.8 0.154485121319364
4 0.161434225871536
4.2 0.167351734073464
4.4 0.172103801101593
4.6 0.175580528507543
4.8 0.177700187366945
5 0.178412411615277
5.2 0.177700187366945
5.4 0.175580528507543
5.6 0.172103801101593
5.8 0.167351734073464
6 0.161434225871536
6.2 0.154485121319364
6.4 0.146657185166198
6.6 0.138116535584824
6.8 0.129036819944321
7 0.119593415967282
7.2 0.109957924663505
7.4 0.100293189318874
7.6 0.0907490304698815
7.8 0.081458834099072
8 0.0725370734839229
8.2 0.0640777884323282
8.4 0.0561539928772721
8.6 0.0488179361583824
8.8 0.0421021071102433
9 0.0360208446721537
9.2 0.0305724045368766
9.4 0.0257413278937322
9.6 0.0215009643918046
9.8 0.0178160153147355
10 0.0146449825619265
10.2 0.0119424322059451
10.4 0.00966100605769082
10.6 0.00775313896852625
10.8 0.00617246202271938
11 0.00487489121612795
11.2 0.00381941698621289
11.4 0.00296862175502512
11.6 0.00228896051186308
11.8 0.00175084370616127
12 0.00132856284397711
12.2 0.00100009779434197
12.4 0.000746841565710936
12.6 0.000553273839841123
12.8 0.000406609419952937
13 0.000296442440143866
13.2 0.000214402066685722
13.4 0.000153830764840799
13.6 0.000109492173141554
13.8 7.73123004095224e-05
14 5.41551496442732e-05
14.2 3.76319366377901e-05
14.4 2.59417351756634e-05
14.6 1.77405515746429e-05
14.8 1.20354091645512e-05
15 8.0999109560891e-06
15.2 5.40785793263467e-06
15.4 3.58175559022499e-06
15.6 2.35338111991213e-06
15.8 1.53396067733055e-06
16 9.91886164849871e-07
16.2 6.3626067614822e-07
16.4 4.0488713429902e-07
16.6 2.55598626159139e-07
16.8 1.60069540274191e-07
17 9.94453599924941e-08
17.2 6.12894882322945e-08
17.4 3.74725381058822e-08
17.6 2.27282432584676e-08
17.8 1.36755333246872e-08
18 8.16297223813702e-09
18.2 4.83368128189402e-09
18.4 2.83944425318135e-09
18.6 1.65468117625481e-09
18.8 9.56579237471639e-10
19 5.4859673474434e-10
19.2 3.12112477142908e-10
19.4 1.76154883248589e-10
19.6 9.86288313934041e-11
19.8 5.4782107025687e-11
20 3.01855588580644e-11
