0 0
0.05 0.0121913739003542
0.1 0.0237807356125179
0.15 0.0347903807373207
0.2 0.045241870901798
0.25 0.0551560564115372
0.3 0.0645530982318794
0.35 0.0734524893173057
0.4 0.0818730753077982
0.45 0.0898330746104299
0.5 0.0973500978839256
0.55 0.104441166943433
0.6 0.111122733102258
0.65 0.117410694966837
0.7 0.123320415700775
0.75 0.128866739773307
0.8 0.134064009207128
0.85 0.138926079340093
0.9 0.143466334114899
0.95 0.147697700910442
1 0.151632664928158
1.05 0.155283283146289
1.1 0.158661197854634
1.15 0.161777649782
1.2 0.164643490828208
1.25 0.167269196412184
1.3 0.16966487744733
1.35 0.171840291955048
1.4 0.173804856326993
1.45 0.175567656246319
1.5 0.177137457277881
1.55 0.178522715137099
1.6 0.179731585646889
1.65 0.180771934391792
1.7 0.181651346078209
1.75 0.182377133609347
1.8 0.18295634688327
1.85 0.183395781322184
1.9 0.183701986140888
1.95 0.183881272362039
2 0.183939720585721
2.05 0.18388318852055
2.1 0.183717318283357
2.15 0.183447543474284
2.2 0.183079096033944
2.25 0.182617012889072
2.3 0.182066142392956
2.35 0.181431150566712
2.4 0.180716527147321
2.45 0.179926591448164
2.5 0.179065498037619
2.55 0.178137242241147
2.6 0.177145665472108
2.65 0.176094460396414
2.7 0.174987175935977
2.75 0.173827222115763
2.8 0.172617874759125
2.85 0.171362280035944
2.9 0.170063458868003
2.95 0.168724311195852
3 0.167347620111322
3.05 0.16593605585974
3.1 0.164492179715726
3.15 0.163018447736408
3.2 0.161517214395724
3.25 0.159990736103408
3.3 0.158441174612122
3.35 0.156870600316139
3.4 0.155280995444824
3.45 0.153674257154125
3.5 0.15205220051914
3.55 0.15041656143078
3.6 0.148768999399428
3.65 0.147111100268421
3.7 0.145444378840106
3.75 0.14377028141712
3.8 0.142090188261503
3.85 0.140405415974119
3.9 0.138717219796851
3.95 0.137026795839918
4 0.135335283236613
4.05 0.133643766227678
4.1 0.131953276177499
4.15 0.130264793524192
4.2 0.128579249665631
4.25 0.12689752878339
4.3 0.125220469606509
4.35 0.123548867116956
4.4 0.121883474198567
4.45 0.120225003231248
4.5 0.118574127632097
4.55 0.116931483345138
4.6 0.115297670281224
4.65 0.113673253709694
4.7 0.112058765603271
4.75 0.110454705937663
4.8 0.108861543947295
4.85 0.107279719338531
4.9 0.105709643461729
4.95 0.104151700443422
5 0.102606248279874
