-0.5 3.82676483649869e-26
-0.49 1.26293030916492e-25
-0.48 4.11827613940862e-25
-0.47 1.32690554046021e-24
-0.46 4.22428311734085e-24
-0.45 1.32878431723942e-23
-0.44 4.12994659976099e-23
-0.43 1.26830248962982e-22
-0.42 3.8484843060919e-22
-0.41 1.15383859320242e-21
-0.4 3.41813230092592e-21
-0.39 1.0005093277306e-20
-0.38 2.89362255978428e-20
-0.37 8.26896374322033e-20
-0.36 2.33479502857568e-19
-0.35 6.51380717685363e-19
-0.34 1.79559961242611e-18
-0.33 4.89071745764407e-18
-0.32 1.3162067416532e-17
-0.31 3.49996832720743e-17
-0.3 9.19586493183767e-17
-0.29 2.38731386037149e-16
-0.28 6.12371431162643e-16
-0.27 1.5520610123927e-15
-0.26 3.88679042337922e-15
-0.25 9.61749401265331e-15
-0.24 2.35137118295009e-14
-0.23 5.68026928024406e-14
-0.22 1.35582963959551e-13
-0.21 3.19764162884681e-13
-0.2 7.45148653293287e-13
-0.19 1.71571251351672e-12
-0.18 3.90332382940501e-12
-0.17 8.7743128107041e-12
-0.16 1.94885761242194e-11
-0.15 4.27696378198737e-11
-0.14 9.2742650097421e-11
-0.13 1.98706419019182e-10
-0.12 4.20661492364653e-10
-0.11 8.7991776488816e-10
-0.1 1.81861127685182e-09
-0.09 3.71386522956441e-09
-0.08 7.49377874112724e-09
-0.07 1.49404630788722e-08
-0.06 2.94317250278294e-08
-0.05 5.72869686779453e-08
-0.04 1.1017534863884e-07
-0.03 2.09363751118063e-07
-0.02 3.93103594013742e-07
-0.01 7.2929125220294e-07
0 1.33685240071498e-06
0.01 2.42133222804272e-06
0.02 4.33325025267763e-06
0.03 7.66234364742675e-06
0.04 1.33874526133777e-05
0.05 2.31112126565998e-05
0.0600000000000001 3.94217579514721e-05
0.0700000000000001 6.64412365532906e-05
0.08 0.000110644006213511
0.09 0.0001820566488658
0.1 0.000295987699036267
0.11 0.00047547670780604
0.12 0.000754698171258306
0.13 0.00118360233835155
0.14 0.00183411599194277
0.15 0.0028082530992677
0.16 0.00424848571532233
0.17 0.0063506845939761
0.18 0.00937983917330909
0.19 0.013688589699662
0.2 0.0197383336819743
0.21 0.0281222932858634
0.22 0.039589447962886
0.23 0.0550676603398497
0.24 0.075683685132432
0.25 0.102777105304185
0.26 0.13790466556264
0.27 0.182831070989844
0.28 0.239502203486182
0.29 0.309996999118207
0.3 0.396455029971493
0.31 0.500978215031547
0.32 0.625507060221928
0.33 0.771674336543834
0.34 0.940641996524197
0.35 1.1329301596598
0.36 1.3482498421889
0.37 1.58535338479724
0.38 1.84191784928262
0.39 2.11447665659005
0.4 2.3984131668208
0.41 2.68802665306454
0.42 2.97667628716783
0.43 3.25700264433415
0.44 3.52121935813802
0.45 3.76146059536513
0.46 3.97016374002097
0.47 4.14046184420435
0.48 4.26655768002191
0.49 4.34405106642984
0.5 4.37019372236832
0.51 4.34405106642984
0.52 4.26655768002191
0.53 4.14046184420435
0.54 3.97016374002097
0.55 3.76146059536512
0.56 3.52121935813802
0.57 3.25700264433414
0.58 2.97667628716783
0.59 2.68802665306454
0.6 2.3984131668208
0.61 2.11447665659004
0.62 1.84191784928262
0.63 1.58535338479724
0.64 1.3482498421889
0.65 1.1329301596598
0.66 0.9406419965242
0.67 0.771674336543834
0.68 0.625507060221928
0.69 0.500978215031547
0.7 0.396455029971493
0.71 0.309996999118207
0.72 0.239502203486182
0.73 0.182831070989844
0.74 0.13790466556264
0.75 0.102777105304185
0.76 0.075683685132432
0.77 0.0550676603398497
0.78 0.039589447962886
0.79 0.0281222932858634
0.8 0.0197383336819742
0.81 0.013688589699662
0.82 0.00937983917330905
0.83 0.00635068459397607
0.84 0.0042484857153223
0.85 0.00280825309926768
0.86 0.00183411599194276
0.87 0.00118360233835154
0.88 0.000754698171258303
0.89 0.000475476707806038
0.9 0.000295987699036266
0.91 0.000182056648865801
0.92 0.000110644006213512
0.93 6.64412365532906e-05
0.94 3.94217579514721e-05
0.95 2.31112126565998e-05
0.96 1.33874526133777e-05
0.97 7.66234364742675e-06
0.98 4.33325025267763e-06
0.99 2.42133222804272e-06
1 1.33685240071498e-06
1.01 7.2929125220294e-07
1.02 3.93103594013742e-07
1.03 2.09363751118063e-07
1.04 1.1017534863884e-07
1.05 5.72869686779453e-08
1.06 2.94317250278294e-08
1.07 1.49404630788722e-08
1.08 7.49377874112724e-09
1.09 3.71386522956439e-09
1.1 1.81861127685181e-09
1.11 8.79917764888155e-10
1.12 4.20661492364648e-10
1.13 1.9870641901918e-10
1.14 9.27426500974199e-11
1.15 4.27696378198729e-11
1.16 1.9488576124219e-11
1.17 8.7743128107041e-12
1.18 3.90332382940501e-12
1.19 1.71571251351672e-12
1.2 7.45148653293287e-13
1.21 3.19764162884681e-13
1.22 1.35582963959551e-13
1.23 5.68026928024406e-14
1.24 2.35137118295009e-14
1.25 9.61749401265331e-15
1.26 3.88679042337922e-15
1.27 1.5520610123927e-15
1.28 6.12371431162643e-16
1.29 2.38731386037149e-16
1.3 9.19586493183767e-17
1.31 3.49996832720743e-17
1.32 1.3162067416532e-17
1.33 4.89071745764407e-18
1.34 1.79559961242611e-18
1.35 6.51380717685363e-19
1.36 2.33479502857565e-19
1.37 8.26896374322019e-20
1.38 2.89362255978423e-20
1.39 1.00050932773058e-20
1.4 3.41813230092586e-21
1.41 1.1538385932024e-21
1.42 3.8484843060919e-22
1.43 1.26830248962982e-22
1.44 4.12994659976099e-23
1.45 1.32878431723942e-23
1.46 4.22428311734085e-24
1.47 1.32690554046021e-24
1.48 4.11827613940862e-25
1.49 1.26293030916492e-25
1.5 3.82676483649869e-26
