-2.5 2.123885021049e-06
-2.45 3.02780763683999e-06
-2.4 4.29447194466962e-06
-2.35 6.06003973174583e-06
-2.3 8.50795893539616e-06
-2.25 1.18839142763607e-05
-2.2 1.65149722221046e-05
-2.15 2.28339158670078e-05
-2.1 3.14099436557932e-05
-2.05 4.29870982477713e-05
-2 5.85319933320583e-05
-1.95 7.92926095242318e-05
-1.9 0.000106870125369303
-1.85 0.000143305922387772
-1.8 0.000191186036806979
-1.75 0.000253765404018332
-1.7 0.000335114229905081
-1.65 0.00044028869738254
-1.6 0.000575527945153072
-1.55 0.000748478805179776
-1.5 0.00096844912161811
-1.45 0.00124668956435108
-1.4 0.00159670266640263
-1.35 0.00203457633510692
-1.3 0.00257933730146666
-1.25 0.00325331788468469
-1.2 0.00408252708196444
-1.15 0.00509701439223784
-1.1 0.0063312120170543
-1.05 0.00782423825116574
-1 0.00962014210747178
-0.95 0.0117680666729783
-0.9 0.0143223065476978
-0.85 0.017342233181852
-0.8 0.0208920612170458
-0.75 0.0250404292765265
-0.7 0.0298597702511288
-0.65 0.0354254491794368
-0.6 0.0418146514702297
-0.55 0.0491050105507781
-0.5 0.057372972058433
-0.45 0.0666919013461106
-0.4 0.0771299521616972
-0.35 0.0887477265922246
-0.3 0.101595769327276
-0.25 0.115711952475298
-0.2 0.131118819948726
-0.15 0.147820972132718
-0.0999999999999996 0.165802581437224
-0.0499999999999998 0.18502513666556
0 0.205425518212669
0.0500000000000003 0.226914506313081
0.1 0.249375820402
0.15 0.272665778817013
0.2 0.296613654450287
0.25 0.321022783703097
0.3 0.345672463598776
0.35 0.370320645843676
0.4 0.39470740790643
0.45 0.41855915095176
0.5 0.441593444027238
0.55 0.463524404681808
0.6 0.484068479652554
0.65 0.502950466806142
0.7 0.519909602450691
0.75 0.534705527520528
0.8 0.547123942777446
0.85 0.556981767524714
0.9 0.564131628471802
0.95 0.568465524998126
1 0.569917543430618
1.05 0.568465524998126
1.1 0.564131628471802
1.15 0.556981767524713
1.2 0.547123942777446
1.25 0.534705527520528
1.3 0.519909602450691
1.35 0.502950466806142
1.4 0.484068479652554
1.45 0.463524404681808
1.5 0.441593444027238
1.55 0.41855915095176
1.6 0.394707407906429
1.65 0.370320645843676
1.7 0.345672463598776
1.75 0.321022783703097
1.8 0.296613654450287
1.85 0.272665778817013
1.9 0.249375820402
1.95 0.226914506313081
2 0.205425518212669
2.05 0.18502513666556
2.1 0.165802581437224
2.15 0.147820972132718
2.2 0.131118819948726
2.25 0.115711952475298
2.3 0.101595769327276
2.35 0.0887477265922245
2.4 0.0771299521616972
2.45 0.0666919013461106
2.5 0.057372972058433
