0 0.00023173567706204
0.2 0.000322068438795221
0.4 0.000443899150951516
0.6 0.000606738201575366
0.8 0.00082243057008226
1 0.0011055490840056
1.2 0.00147379708306252
1.4 0.00194840051412494
1.6 0.00255446324194227
1.8 0.00332125299597473
2 0.00428237938767435
2.2 0.00547582045984007
2.4 0.00694375101203825
2.6 0.00873212528879482
2.8 0.0108899693251893
3 0.0134683450391595
3.2 0.0165189595821455
3.4 0.0200924097657724
3.6 0.0242360724432362
3.8 0.0289916769427835
4 0.0343926239095518
4.2 0.0404611445654305
4.4 0.0472054233191584
4.6 0.0546168323562523
4.8 0.0626674466203546
5 0.0713080188061274
5.2 0.0804665942594575
5.4 0.0900479332440161
5.6 0.0999338819508667
5.8 0.109984794030864
6 0.120042052651338
6.2 0.129931681685245
6.4 0.139468967337716
6.6 0.148463942921995
6.8 0.15672752480688
7 0.164078032100231
7.2 0.170347781384037
7.4 0.175389424905989
7.6 0.17908169890082
7.8 0.181334269372258
8 0.18209140509868
8.2 0.181334269372258
8.4 0.17908169890082
8.6 0.175389424905989
8.8 0.170347781384037
9 0.164078032100231
9.2 0.15672752480688
9.4 0.148463942921995
9.6 0.139468967337716
9.8 0.129931681685245
10 0.120042052651338
10.2 0.109984794030864
10.4 0.0999338819508666
10.6 0.0900479332440161
10.8 0.0804665942594575
11 0.0713080188061274
11.2 0.0626674466203545
11.4 0.0546168323562523
11.6 0.0472054233191583
11.8 0.0404611445654305
12 0.0343926239095518
12.2 0.0289916769427834
12.4 0.0242360724432362
12.6 0.0200924097657724
12.8 0.0165189595821455
13 0.0134683450391595
13.2 0.0108899693251893
13.4 0.00873212528879482
13.6 0.00694375101203824
13.8 0.00547582045984006
14 0.00428237938767435
14.2 0.00332125299597473
14.4 0.00255446324194227
14.6 0.00194840051412494
14.8 0.00147379708306251
15 0.0011055490840056
15.2 0.000822430570082259
15.4 0.000606738201575366
15.6 0.000443899150951515
15.8 0.00032206843879522
16 0.00023173567706204
16.2 0.000165355449977567
16.4 0.00011701054580282
16.6 8.2113086360675e-05
16.8 5.71453144004514e-05
17 3.94393506678767e-05
17.2 2.69935351686428e-05
17.4 1.83219061099392e-05
17.6 1.23328207931778e-05
17.8 8.23256309303202e-06
18 5.44990075891526e-06
18.2 3.5778571716532e-06
18.4 2.32936896199907e-06
18.6 1.50395363782157e-06
18.8 9.62967194024985e-07
19 6.11461918794753e-07
19.2 3.85042099676316e-07
19.4 2.40451725730544e-07
19.6 1.48911575701889e-07
19.8 9.1455514901354e-08
20 5.57021833631241e-08
