-0.5 7.85190371774784e-16
-0.49 1.60732438070958e-15
-0.48 3.26666935907285e-15
-0.47 6.5914339600802e-15
-0.46 1.32046748370181e-14
-0.45 2.62632578164984e-14
-0.44 5.1861200111515e-14
-0.43 1.01673929308994e-13
-0.42 1.97901794685172e-13
-0.41 3.82439672247836e-13
-0.4 7.33751871117525e-13
-0.39 1.39768268780811e-12
-0.38 2.64326697395243e-12
-0.37 4.96302603411313e-12
-0.36 9.25177700971312e-12
-0.35 1.71228810507861e-11
-0.34 3.14631066585524e-11
-0.33 5.73983548768023e-11
-0.32 1.03960980603022e-10
-0.31 1.86945221770266e-10
-0.3 3.33757820694326e-10
-0.29 5.9159107364878e-10
-0.28 1.04108179834879e-09
-0.27 1.81895173113581e-09
-0.26 3.15522674934238e-09
-0.25 5.4339176877261e-09
-0.24 9.29113168776345e-09
-0.23 1.57723808547791e-08
-0.22 2.65826929552703e-08
-0.21 4.4480921337457e-08
-0.2 7.38961229600508e-08
-0.19 1.21882853138435e-07
-0.18 1.99589022176629e-07
-0.17 3.24491831498589e-07
-0.16 5.2377403649357e-07
-0.15 8.39377346872505e-07
-0.14 1.33549910614982e-06
-0.13 2.10961419388103e-06
-0.12 3.30853364694663e-06
-0.11 5.15158834828531e-06
-0.1 7.96379053414981e-06
-0.09 1.22228247414349e-05
-0.08 1.86250059600383e-05
-0.07 2.81769730049082e-05
-0.06 4.23219170005048e-05
-0.05 6.3111631330741e-05
-0.04 9.34386512208745e-05
-0.03 0.000137346246512902
-0.02 0.000200438022504014
-0.01 0.000290413301007053
0 0.000417759155840244
0.01 0.000596634730401611
0.02 0.00084598792314975
0.03 0.00119094821038663
0.04 0.00166454165838317
0.05 0.00230977427956544
0.0600000000000001 0.00318212688595682
0.0700000000000001 0.00435249744345232
0.08 0.00591061451750317
0.09 0.00796892661278
0.1 0.0106669460426332
0.11 0.0141759916563316
0.12 0.0187042319414334
0.13 0.0245018789215471
0.14 0.0318663248633269
0.15 0.0411469499994206
0.16 0.0527492632421667
0.17 0.0671379733246633
0.18 0.0848385302097035
0.19 0.106436632203974
0.2 0.132575169996033
0.21 0.163948082123271
0.22 0.201290634260264
0.23 0.245365713391768
0.24 0.296945851882048
0.25 0.356790867670888
0.26 0.425621224034217
0.27 0.504087470345379
0.28 0.59273641452721
0.29 0.691974984422297
0.3 0.802033041010618
0.31 0.922926689743904
0.32 1.05442387350714
0.33 1.19601419753107
0.34 1.34688501000328
0.35 1.50590572272109
0.36 1.67162219015541
0.37 1.84226266668836
0.38 2.01575643372058
0.39 2.18976564416045
0.4 2.36173029514286
0.41 2.52892554383472
0.42 2.68852986680853
0.43 2.83770187685046
0.44 2.97366300025633
0.45 3.09378272885689
0.46 3.1956628346703
0.47 3.27721680230591
0.48 3.33674081371043
0.49 3.37297291567376
0.5 3.38513750128654
0.51 3.37297291567376
0.52 3.33674081371043
0.53 3.27721680230591
0.54 3.1956628346703
0.55 3.09378272885689
0.56 2.97366300025633
0.57 2.83770187685045
0.58 2.68852986680853
0.59 2.52892554383472
0.6 2.36173029514286
0.61 2.18976564416044
0.62 2.01575643372058
0.63 1.84226266668836
0.64 1.67162219015541
0.65 1.50590572272109
0.66 1.34688501000328
0.67 1.19601419753107
0.68 1.05442387350714
0.69 0.922926689743904
0.7 0.802033041010618
0.71 0.691974984422297
0.72 0.59273641452721
0.73 0.504087470345379
0.74 0.425621224034217
0.75 0.356790867670888
0.76 0.296945851882048
0.77 0.245365713391768
0.78 0.201290634260264
0.79 0.163948082123271
0.8 0.132575169996033
0.81 0.106436632203974
0.82 0.0848385302097033
0.83 0.067137973324663
0.84 0.0527492632421666
0.85 0.0411469499994205
0.86 0.0318663248633268
0.87 0.024501878921547
0.88 0.0187042319414334
0.89 0.0141759916563316
0.9 0.0106669460426332
0.91 0.00796892661278003
0.92 0.00591061451750319
0.93 0.00435249744345232
0.94 0.00318212688595682
0.95 0.00230977427956544
0.96 0.00166454165838317
0.97 0.00119094821038663
0.98 0.00084598792314975
0.99 0.000596634730401611
1 0.000417759155840244
1.01 0.000290413301007053
1.02 0.000200438022504014
1.03 0.000137346246512902
1.04 9.34386512208745e-05
1.05 6.3111631330741e-05
1.06 4.23219170005048e-05
1.07 2.81769730049082e-05
1.08 1.86250059600383e-05
1.09 1.22228247414349e-05
1.1 7.96379053414973e-06
1.11 5.15158834828529e-06
1.12 3.30853364694661e-06
1.13 2.10961419388101e-06
1.14 1.33549910614981e-06
1.15 8.39377346872497e-07
1.16 5.23774036493562e-07
1.17 3.24491831498589e-07
1.18 1.99589022176629e-07
1.19 1.21882853138435e-07
1.2 7.38961229600508e-08
1.21 4.4480921337457e-08
1.22 2.65826929552703e-08
1.23 1.57723808547791e-08
1.24 9.29113168776345e-09
1.25 5.4339176877261e-09
1.26 3.15522674934238e-09
1.27 1.81895173113581e-09
1.28 1.04108179834879e-09
1.29 5.9159107364878e-10
1.3 3.33757820694326e-10
1.31 1.86945221770266e-10
1.32 1.03960980603022e-10
1.33 5.73983548768019e-11
1.34 3.14631066585522e-11
1.35 1.7122881050786e-11
1.36 9.25177700971305e-12
1.37 4.9630260341131e-12
1.38 2.64326697395241e-12
1.39 1.3976826878081e-12
1.4 7.3375187111752e-13
1.41 3.82439672247833e-13
1.42 1.97901794685172e-13
1.43 1.01673929308994e-13
1.44 5.1861200111515e-14
1.45 2.62632578164984e-14
1.46 1.32046748370181e-14
1.47 6.5914339600802e-15
1.48 3.26666935907285e-15
1.49 1.60732438070958e-15
1.5 7.85190371774784e-16
