-2.5 0.0210570192206217
-2.45 0.0234161152630008
-2.4 0.0260021737327969
-2.35 0.0288314481816845
-2.3 0.0319205494320002
-2.25 0.0352863261773749
-2.2 0.0389457251329787
-2.15 0.0429156299242158
-2.1 0.0472126781936533
-2.05 0.0518530567566468
-2 0.056852275047198
-1.95 0.0622249175659935
-1.9 0.0679843765692133
-1.85 0.0741425668141913
-1.8 0.0807096247984908
-1.75 0.0876935955819216
-1.7 0.0951001109532717
-1.65 0.102932063379167
-1.6 0.111189280833109
-1.55 0.11986820822769
-1.5 0.128961601739672
-1.45 0.138458242802247
-1.4 0.148342678916741
-1.35 0.158594998683041
-1.3 0.169190648540713
-1.25 0.180100298630059
-1.2 0.191289764905987
-1.15 0.202719994153864
-1.1 0.214347117856641
-1.05 0.226122579944136
-1 0.23799334232288
-0.95 0.249902170750348
-0.9 0.261788002100826
-0.85 0.273586392399379
-0.8 0.285230043211123
-0.75 0.296649402107909
-0.7 0.307773331042416
-0.65 0.318529834594034
-0.6 0.328846838268521
-0.55 0.338653005392078
-0.5 0.347878579697205
-0.45 0.356456239506381
-0.4 0.364321948528857
-0.35 0.371415787736565
-0.3 0.377682752609243
-0.25 0.383073500256562
-0.2 0.387545031544815
-0.15 0.391061294372301
-0.0999999999999996 0.393593695632679
-0.0499999999999998 0.395121511147513
0 0.395632184894098
0.0500000000000003 0.395121511147513
0.1 0.393593695632679
0.15 0.391061294372301
0.2 0.387545031544815
0.25 0.383073500256562
0.3 0.377682752609243
0.35 0.371415787736565
0.4 0.364321948528857
0.45 0.356456239506381
0.5 0.347878579697205
0.55 0.338653005392078
0.6 0.32884683826852
0.65 0.318529834594034
0.7 0.307773331042416
0.75 0.296649402107909
0.8 0.285230043211123
0.85 0.273586392399379
0.9 0.261788002100826
0.95 0.249902170750348
1 0.23799334232288
1.05 0.226122579944136
1.1 0.214347117856641
1.15 0.202719994153864
1.2 0.191289764905987
1.25 0.180100298630059
1.3 0.169190648540713
1.35 0.158594998683041
1.4 0.148342678916741
1.45 0.138458242802247
1.5 0.128961601739672
1.55 0.11986820822769
1.6 0.111189280833109
1.65 0.102932063379167
1.7 0.0951001109532716
1.75 0.0876935955819216
1.8 0.0807096247984908
1.85 0.0741425668141913
1.9 0.0679843765692133
1.95 0.0622249175659935
2 0.056852275047198
2.05 0.0518530567566468
2.1 0.0472126781936533
2.15 0.0429156299242158
2.2 0.0389457251329787
2.25 0.0352863261773749
2.3 0.0319205494320001
2.35 0.0288314481816845
2.4 0.0260021737327969
2.45 0.0234161152630008
2.5 0.0210570192206217
