0.005 0
0.015 0
0.025 0
0.035 0
0.045 0
0.055 0
0.065 0
0.075 0
0.085 0
0.095 0
0.105 0
0.115 1e-04
0.125 9.99999999999999e-05
0.135 2e-04
0.145 0.000400000000000001
0.155 0.000799999999999999
0.165 0.0011
0.175 0.0016
0.185 0.0048
0.195 0.0057
0.205 0.00930000000000002
0.215 0.0146
0.225 0.0276
0.235 0.0369000000000001
0.245 0.0586999999999999
0.255 0.0773999999999999
0.265 0.1137
0.275 0.1557
0.285 0.210200000000001
0.295 0.2796
0.305 0.3758
0.315 0.485
0.325 0.624299999999999
0.335 0.766099999999999
0.345 0.952899999999999
0.355 1.16770000000001
0.365 1.4235
0.375 1.6842
0.385 1.9635
0.395 2.2489
0.405 2.5589
0.415 2.87390000000001
0.425 3.1955
0.435 3.4751
0.445 3.7685
0.455 3.9877
0.465 4.1672
0.475 4.34260000000002
0.485 4.4611
0.495 4.4746
0.505 4.5415
0.515 4.4324
0.525 4.3425
0.535 4.2002
0.545 3.9739
0.555 3.7311
0.565 3.4767
0.575 3.15840000000003
0.585 2.9063
0.595 2.5658
0.605 2.2574
0.615 1.9521
0.625 1.6548
0.635 1.402
0.645 1.1693
0.655 0.966099999999999
0.665 0.781899999999999
0.675 0.631899999999999
0.685 0.4916
0.695 0.3721
0.705 0.282300000000003
0.715 0.2125
0.725 0.1606
0.735 0.1057
0.745 0.0804999999999999
0.755 0.0564999999999999
0.765 0.0354
0.775 0.0243
0.785 0.0143
0.795 0.0107
0.805 0.00689999999999999
0.815 0.0027
0.825 0.0022
0.835 0.00100000000000001
0.845 5e-04
0.855 4e-04
0.865 0
0.875 0
0.885 0
0.895 0
0.905 0
0.915 0
0.925 0
0.935 0
0.945 0
0.955 0
0.965 0
0.975 0
0.985 0
0.995 0
