0 1.42857142857143
0.05 1.33008968529146
0.1 1.23839699964312
0.15 1.15302535286484
0.2 1.07353899010755
0.25 0.999532196250186
0.3 0.930627225044365
0.35 0.866472371018048
0.4 0.806740174296799
0.45 0.751125749179685
0.5 0.699345227938505
0.55 0.651134311897167
0.6 0.606246922395643
0.65 0.564453944752696
0.7 0.525542058816346
0.75 0.489312650132922
0.8 0.455580796177101
0.85 0.424174322468423
0.9 0.394932923756521
0.95 0.367707345789383
1 0.342358623488251
1.05 0.318757371640614
1.1 0.296783124490858
1.15 0.276323720857704
1.2 0.257274731639932
1.25 0.239538926788282
1.3 0.223025779022816
1.35 0.207651001762638
1.4 0.193336118909447
1.45 0.180008064289017
1.5 0.167598808706073
1.55 0.156045012708959
1.6 0.145287703291753
1.65 0.135271972883632
1.7 0.125946699089082
1.75 0.117264283748427
1.8 0.109180409986812
1.85 0.101653816011546
1.9 0.0946460845032309
1.95 0.08812144652568
2 0.0820465989537391
2.05 0.0763905344871294
2.1 0.0711243833826627
2.15 0.0662212660969966
2.2 0.0616561560877894
2.25 0.0574057520729623
2.3 0.0534483590960522
2.35 0.0497637777905892
2.4 0.0463332012782793
2.45 0.0431391191747407
2.5 0.0401652282128172
2.55 0.037396349027272
2.6 0.0348183486761137
2.65 0.0324180685030863
2.7 0.030183256973119
2.75 0.028102507137913
2.8 0.0261651984124774
2.85 0.0243614423654285
2.9 0.0226820322463552
2.95 0.0211183959926277
3 0.0196625524757863
3.05 0.0183070707641818
3.1 0.0170450321939373
3.15 0.0158699950546319
3.2 0.0147759617094546
3.25 0.013757347982005
3.3 0.0128089546534811
3.35 0.0119259409247729
3.4 0.011103799708005
3.45 0.0103383346214119
3.5 0.0096256385701221
3.55 0.00896207380352413
3.6 0.00834425334742178
3.65 0.00776902371620512
3.7 0.00723344881679641
3.75 0.00673479496221325
3.8 0.00627051691825491
3.85 0.00583824491209152
3.9 0.0054357725364448
3.95 0.00506104548762108
4 0.00471215107991299
4.05 0.0043873084828491
4.1 0.00408485963146052
4.15 0.00380326076316838
4.2 0.00354107453809479
4.25 0.00329696270257768
4.3 0.00306967925844246
4.35 0.00285806410316522
4.4 0.0026610371084653
4.45 0.00247759260710325
4.5 0.00230679425974369
