0 0.5
0.05 0.487654956014166
0.1 0.475614712250357
0.15 0.463871743164276
0.2 0.45241870901798
0.25 0.441248451292298
0.3 0.430353988212529
0.35 0.419728510384604
0.4 0.409365376538991
0.45 0.399258109379689
0.5 0.389400391535702
0.55 0.379786061612484
0.6 0.370409110340859
0.65 0.361263676821036
0.7 0.352344044859357
0.75 0.343644639395486
0.8 0.33516002301782
0.85 0.326884892564924
0.9 0.318814075810887
0.95 0.31094252823251
1 0.303265329856317
1.05 0.295777682183408
1.1 0.288474905190243
1.15 0.281352434403478
1.2 0.274405818047013
1.25 0.267630714259495
1.3 0.261022888380508
1.35 0.254578210303775
1.4 0.248292651895705
1.45 0.242162284477681
1.5 0.236183276370507
1.55 0.230351890499483
1.6 0.224664482058611
1.65 0.219117496232475
1.7 0.213707465974363
1.75 0.208431009839254
1.8 0.2032848298703
1.85 0.198265709537496
1.9 0.193370511727251
1.95 0.188596176781578
2 0.183939720585721
2.05 0.179398232702976
2.1 0.174968874555578
2.15 0.170648877650497
2.2 0.16643554184904
2.25 0.162326233679175
2.3 0.158318384689527
2.35 0.15440948984401
2.4 0.150597105956101
2.45 0.146878850161766
2.5 0.143252398430095
2.55 0.139715484110704
2.6 0.136265896517006
2.65 0.132901479544463
2.7 0.129620130322946
2.75 0.126419797902373
2.8 0.123298481970803
2.85 0.120254231604171
2.9 0.117285144046899
2.95 0.114389363522611
3 0.111565080074215
3.05 0.108810528432616
3.1 0.106123986913372
3.15 0.103503776340576
3.2 0.100948258997328
3.25 0.098455837602097
3.3 0.096024954310377
3.35 0.0936540897409785
3.4 0.0913417620263673
3.45 0.0890865258864492
3.5 0.0868869717252226
3.55 0.084741724749735
3.6 0.0826494441107933
3.65 0.0806088220648884
3.7 0.0786185831568138
3.75 0.0766774834224642
3.8 0.0747843096113175
3.85 0.0729378784281137
3.9 0.0711370357932568
3.95 0.0693806561214776
4 0.0676676416183064
4.05 0.0659969215939151
4.1 0.0643674517939021
4.15 0.0627782137465986
4.2 0.061228214126491
4.25 0.0597164841333598
4.3 0.0582420788867485
4.35 0.0568040768353819
4.4 0.0554015791811669
4.45 0.0540337093174146
4.5 0.0526996122809322
4.55 0.0513984542176432
4.6 0.0501294218614019
4.65 0.048891722025675
4.7 0.0476845811077748
4.75 0.0465072446053317
4.8 0.0453589766447062
4.85 0.0442390595210436
4.9 0.0431467932496852
4.95 0.0420814951286552
5 0.0410424993119494
