0 0.000331814931968649
0.2 0.000461058414745993
0.4 0.0006350477460403
0.6 0.000867056112904427
0.8 0.00117348739563197
1 0.00157434552233324
1.2 0.0020936885435767
1.4 0.00276003442730519
1.6 0.00360667758843253
1.8 0.00467186777147144
2 0.00599879696197365
2.2 0.00763533651462823
2.4 0.00963346672569688
2.6 0.0120483456955891
2.8 0.0149369744310517
3 0.0183564313506055
3.2 0.0223616718790853
3.4 0.0270029172833346
3.6 0.0323226902816781
3.8 0.0383525915070338
4 0.0451099481693193
4.2 0.0525945012005345
4.4 0.0607853263228811
4.6 0.069638204275748
4.8 0.0790836625093283
5 0.0890259022440171
5.2 0.0993427991393066
5.4 0.109887122476764
5.6 0.120489057874428
5.8 0.130960044926713
6 0.141097858226844
6.2 0.150692773758652
6.4 0.15953457935193
6.6 0.167420114846039
6.8 0.174160971552795
7 0.179590947299008
7.2 0.183572846866504
7.4 0.186004239990649
7.6 0.186821839732014
7.8 0.186004239990649
8 0.183572846866504
8.2 0.179590947299008
8.4 0.174160971552795
8.6 0.167420114846039
8.8 0.15953457935193
9 0.150692773758652
9.2 0.141097858226844
9.4 0.130960044926713
9.6 0.120489057874428
9.8 0.109887122476764
10 0.0993427991393066
10.2 0.0890259022440171
10.4 0.0790836625093283
10.6 0.069638204275748
10.8 0.0607853263228811
11 0.0525945012005345
11.2 0.0451099481693193
11.4 0.0383525915070338
11.6 0.0323226902816781
11.8 0.0270029172833346
12 0.0223616718790853
12.2 0.0183564313506055
12.4 0.0149369744310517
12.6 0.012048345695589
12.8 0.00963346672569688
13 0.00763533651462824
13.2 0.00599879696197365
13.4 0.00467186777147144
13.6 0.00360667758843253
13.8 0.00276003442730519
14 0.00209368854357671
14.2 0.00157434552233324
14.4 0.00117348739563197
14.6 0.000867056112904426
14.8 0.0006350477460403
15 0.000461058414745994
15.2 0.000331814931968649
15.4 0.000236715283004622
15.6 0.000167396768423066
15.8 0.000117343284621957
16 8.15379542149664e-05
16.2 5.61631916899928e-05
16.4 3.83472433096307e-05
16.6 2.59541563814446e-05
16.8 1.74128590408249e-05
17 1.15804024076323e-05
17.2 7.63427178118226e-06
17.4 4.98886764224664e-06
17.6 3.23166806361369e-06
17.8 2.07511375974702e-06
18 1.32083166862757e-06
18.2 8.3338069400737e-07
18.4 5.21230471554767e-07
18.6 3.2315178399346e-07
18.8 1.98597472921489e-07
19 1.20984929950739e-07
19.2 7.30599273564175e-08
19.4 4.37338382151714e-08
19.6 2.59505371227112e-08
19.8 1.52638998482816e-08
20 8.89969377792619e-09
