0.005 0
0.015 0
0.025 0
0.035 0
0.045 0
0.055 0
0.065 0
0.075 0
0.085 0
0.095 0
0.105 0
0.115 1e-04
0.125 0
0.135 0
0.145 1e-04
0.155 2e-04
0.165 0.000599999999999999
0.175 0.0013
0.185 0.0025
0.195 0.0036
0.205 0.00590000000000001
0.215 0.00959999999999999
0.225 0.0137
0.235 0.0253
0.245 0.037
0.255 0.0567
0.265 0.0840999999999999
0.275 0.1175
0.285 0.165500000000001
0.295 0.2276
0.305 0.3018
0.315 0.4077
0.325 0.531899999999999
0.335 0.684399999999999
0.345 0.892399999999999
0.355 1.08580000000001
0.365 1.3136
0.375 1.5832
0.385 1.908
0.395 2.1827
0.405 2.5489
0.415 2.87550000000001
0.425 3.2215
0.435 3.5192
0.445 3.8185
0.455 4.1203
0.465 4.401
0.475 4.54690000000002
0.485 4.6285
0.495 4.7313
0.505 4.7029
0.515 4.6358
0.525 4.5053
0.535 4.3432
0.545 4.1091
0.555 3.837
0.565 3.5311
0.575 3.19870000000003
0.585 2.8892
0.595 2.5342
0.605 2.2191
0.615 1.8766
0.625 1.5856
0.635 1.3444
0.645 1.066
0.655 0.868599999999999
0.665 0.693599999999999
0.675 0.5415
0.685 0.42
0.695 0.3063
0.705 0.222100000000002
0.715 0.1635
0.725 0.1122
0.735 0.0821999999999999
0.745 0.0579999999999999
0.755 0.0364
0.765 0.0259
0.775 0.0157
0.785 0.00939999999999999
0.795 0.0057
0.805 0.0022
0.815 0.0022
0.825 0.0012
0.835 0.000200000000000002
0.845 3e-04
0.855 2e-04
0.865 0
0.875 0
0.885 0
0.895 0
0.905 0
0.915 0
0.925 0
0.935 0
0.945 0
0.955 0
0.965 0
0.975 0
0.985 0
0.995 0
