0 0
0.05 0.0218579220461416
0.1 0.0872089324117509
0.15 0.194866124068959
0.2 0.341788785300924
0.25 0.522303972589396
0.3 0.727584097023815
0.35 0.945532395626353
0.4 1.16121484288404
0.45 1.35791600347578
0.5 1.51878591032245
0.55 1.62889978751611
0.6 1.67740551539203
0.65 1.65933233166997
0.7 1.57662617644904
0.75 1.43809124120524
0.8 1.25814529394837
0.85 1.0545850441177
0.9 0.845820309276695
0.95 0.648181171016835
1 0.473873545483774
1.05 0.329960426576779
1.1 0.218447625761649
1.15 0.137260198459111
1.2 0.08170658827199
1.25 0.0459906226184783
1.3 0.0244314958878725
1.35 0.0122251661723509
1.4 0.00575078790690018
1.45 0.00253805992164759
1.5 0.00104882707663475
1.55 0.000404996779269898
1.6 0.000145833268832921
1.65 4.88680549622817e-05
1.7 1.52075044559554e-05
1.75 4.38583159979682e-06
1.8 1.16976813780871e-06
1.85 2.87932515257277e-07
1.9 6.52695867784662e-08
1.95 1.35970156657393e-08
2 2.59758497654916e-09
2.05 4.54117200417188e-10
2.1 7.24961114950779e-11
2.15 1.05459267285287e-11
2.2 1.39492573697892e-12
2.25 1.67411475293305e-13
2.3 1.81910288871128e-14
2.35 1.78581324214087e-15
2.4 1.58048077070884e-16
2.45 1.25829766822196e-17
2.5 8.9925772861353e-19
2.55 5.75647053481718e-20
2.6 3.29354488091881e-21
2.65 1.6806186573422e-22
2.7 7.63194897315423e-24
2.75 3.07768483982619e-25
2.8 1.09975603923331e-26
2.85 3.47466253831348e-28
2.9 9.685744022626e-30
2.95 2.37693299712183e-31
3 5.12417020370547e-33
3.05 9.68303352521809e-35
3.1 1.60043791072963e-36
3.15 2.30867913955126e-38
3.2 2.90030169130048e-40
3.25 3.16617404901879e-42
3.3 2.99705876768827e-44
3.35 2.45460242041671e-46
3.4 1.73559651092997e-48
3.45 1.05719260481667e-50
3.5 5.53545067804057e-53
3.55 2.48599887674652e-55
3.6 9.55549698959556e-58
3.65 3.13664357651924e-60
3.7 8.77387695442112e-63
3.75 2.08683031140538e-65
3.8 4.21120652734627e-68
3.85 7.19455881124547e-71
3.9 1.03832730027114e-73
3.95 1.26313848598236e-76
4 1.29243354013654e-79
4.05 1.10983869949097e-82
4.1 7.98104222111579e-86
4.15 4.79579972011838e-89
4.2 2.40280000605787e-92
4.25 1.00157327662788e-95
4.3 3.46584875315481e-99
4.35 9.93462354832878e-103
4.4 2.3537547811937e-106
4.45 4.59930252753508e-110
4.5 7.39599457113904e-114
