-0.5 7.31699731799553e-47
-0.49 6.27651536543935e-46
-0.48 5.26894343306953e-45
-0.47 4.32860258970313e-44
-0.46 3.48009526837463e-43
-0.45 2.73812827699354e-42
-0.44 2.10831591319115e-41
-0.43 1.58868144195624e-40
-0.42 1.17154020474174e-39
-0.41 8.45467292511354e-39
-0.4 5.97111814842806e-38
-0.39 4.12699323439424e-37
-0.38 2.79145793982269e-36
-0.37 1.84776892613112e-35
-0.36 1.1969705611754e-34
-0.35 7.58819562391e-34
-0.34 4.70774365658092e-33
-0.33 2.8582902930541e-32
-0.32 1.69831834636565e-31
-0.31 9.87531840145604e-31
-0.3 5.61956051381374e-30
-0.29 3.12948472833421e-29
-0.28 1.7055425554747e-28
-0.27 9.09644133063838e-28
-0.26 4.7478798995733e-27
-0.25 2.42519780099253e-26
-0.24 1.21231044245549e-25
-0.23 5.93061546203649e-25
-0.22 2.83925843174714e-24
-0.21 1.33023791474179e-23
-0.2 6.09920118606753e-23
-0.19 2.73675446502193e-22
-0.18 1.20176057030353e-21
-0.17 5.16439325629968e-21
-0.16 2.17190036927124e-20
-0.15 8.93881053465228e-20
-0.14 3.60030094400206e-19
-0.13 1.41911344840878e-18
-0.12 5.47412444684751e-18
-0.11 2.06648118784038e-17
-0.1 7.63426946368079e-17
-0.09 2.76008688289161e-16
-0.08 9.76556242369072e-16
-0.07 3.38135685573262e-15
-0.06 1.14578726973052e-14
-0.05 3.79958546473456e-14
-0.04 1.23306985805971e-13
-0.03 3.91614158511552e-13
-0.02 1.217161838366e-12
-0.01 3.70217981944615e-12
0 1.1020110011459e-11
0.01 3.21021108508029e-11
0.02 9.15167290361373e-11
0.03 2.55321053497968e-10
0.04 6.97095060418212e-10
0.05 1.86258723467442e-09
0.0600000000000001 4.87035343110721e-09
0.0700000000000001 1.24630280759251e-08
0.08 3.12108723723001e-08
0.09 7.64904967467988e-08
0.1 1.83454468306171e-07
0.11 4.30594368931442e-07
0.12 9.8907138460163e-07
0.13 2.22334146483916e-06
0.14 4.8910706610049e-06
0.15 1.05298199643987e-05
0.16 2.21848856093504e-05
0.17 4.57417399830168e-05
0.18 9.22969621886649e-05
0.19 0.000182255806160665
0.2 0.000352204237885937
0.21 0.000666080962589549
0.22 0.00123276048273105
0.23 0.00223279898715653
0.24 0.00395767190505357
0.25 0.00686513668625407
0.26 0.0116540755286378
0.27 0.0193609073813121
0.28 0.0314769631471854
0.29 0.0500817139085387
0.3 0.0779802780822522
0.31 0.118825490405984
0.32 0.177195908755917
0.33 0.258593142867586
0.34 0.36931722003361
0.35 0.516180210476688
0.36 0.706028743346268
0.37 0.945067118292299
0.38 1.23800432851982
0.39 1.58708765099123
0.4 1.99112672233332
0.41 2.44464683966038
0.42 2.93732901652988
0.43 3.453888406216
0.44 3.97450682265791
0.45 4.47586966161801
0.46 4.93276987295513
0.47 5.32014559594239
0.48 5.61533175774036
0.49 5.80024797319398
0.5 5.86323014283504
0.51 5.80024797319398
0.52 5.61533175774036
0.53 5.32014559594239
0.54 4.93276987295513
0.55 4.47586966161801
0.56 3.97450682265791
0.57 3.45388840621599
0.58 2.93732901652987
0.59 2.44464683966037
0.6 1.99112672233331
0.61 1.58708765099123
0.62 1.23800432851982
0.63 0.945067118292295
0.64 0.706028743346266
0.65 0.516180210476686
0.66 0.369317220033612
0.67 0.258593142867586
0.68 0.177195908755917
0.69 0.118825490405984
0.7 0.0779802780822522
0.71 0.0500817139085387
0.72 0.0314769631471854
0.73 0.0193609073813121
0.74 0.0116540755286378
0.75 0.00686513668625407
0.76 0.00395767190505357
0.77 0.00223279898715653
0.78 0.00123276048273105
0.79 0.000666080962589549
0.8 0.000352204237885934
0.81 0.000182255806160664
0.82 9.22969621886641e-05
0.83 4.57417399830164e-05
0.84 2.21848856093502e-05
0.85 1.05298199643986e-05
0.86 4.89107066100486e-06
0.87 2.22334146483914e-06
0.88 9.89071384601625e-07
0.89 4.30594368931438e-07
0.9 1.8345446830617e-07
0.91 7.64904967467996e-08
0.92 3.12108723723004e-08
0.93 1.24630280759251e-08
0.94 4.87035343110721e-09
0.95 1.86258723467442e-09
0.96 6.97095060418212e-10
0.97 2.55321053497968e-10
0.98 9.15167290361373e-11
0.99 3.21021108508029e-11
1 1.1020110011459e-11
1.01 3.70217981944615e-12
1.02 1.217161838366e-12
1.03 3.91614158511552e-13
1.04 1.23306985805971e-13
1.05 3.79958546473456e-14
1.06 1.14578726973052e-14
1.07 3.38135685573262e-15
1.08 9.76556242369072e-16
1.09 2.76008688289157e-16
1.1 7.63426946368067e-17
1.11 2.06648118784035e-17
1.12 5.47412444684742e-18
1.13 1.41911344840875e-18
1.14 3.600300944002e-19
1.15 8.93881053465212e-20
1.16 2.17190036927116e-20
1.17 5.16439325629968e-21
1.18 1.20176057030353e-21
1.19 2.73675446502193e-22
1.2 6.09920118606753e-23
1.21 1.33023791474179e-23
1.22 2.83925843174714e-24
1.23 5.93061546203649e-25
1.24 1.21231044245549e-25
1.25 2.42519780099253e-26
1.26 4.7478798995733e-27
1.27 9.09644133063838e-28
1.28 1.7055425554747e-28
1.29 3.12948472833421e-29
1.3 5.61956051381374e-30
1.31 9.87531840145604e-31
1.32 1.69831834636565e-31
1.33 2.85829029305404e-32
1.34 4.70774365658081e-33
1.35 7.58819562390983e-34
1.36 1.19697056117538e-34
1.37 1.84776892613108e-35
1.38 2.79145793982262e-36
1.39 4.12699323439424e-37
1.4 5.97111814842791e-38
1.41 8.45467292511334e-39
1.42 1.17154020474174e-39
1.43 1.58868144195624e-40
1.44 2.10831591319115e-41
1.45 2.73812827699354e-42
1.46 3.48009526837463e-43
1.47 4.32860258970313e-44
1.48 5.26894343306953e-45
1.49 6.27651536543935e-46
1.5 7.31699731799553e-47
