0 0.0135144925915671
0.2 0.0186871609716958
0.4 0.0253655578722871
0.6 0.0337989352865905
0.8 0.044209859070967
1 0.0567665827153047
1.2 0.0715523465632028
1.4 0.0885344962816281
1.6 0.10753718653467
1.8 0.128221935671213
2 0.150080233686586
2.2 0.172441652215356
2.4 0.194499443446358
2.6 0.215353562337928
2.8 0.234068658983917
3 0.249742228916744
3.2 0.261576189809363
3.4 0.268944052761205
3.6 0.271445839946067
3.8 0.268944052761205
4 0.261576189809363
4.2 0.249742228916744
4.4 0.234068658983917
4.6 0.215353562337928
4.8 0.194499443446358
5 0.172441652215356
5.2 0.150080233686586
5.4 0.128221935671213
5.6 0.10753718653467
5.8 0.088534496281628
6 0.0715523465632028
6.2 0.0567665827153047
6.4 0.0442098590709669
6.6 0.0337989352865905
6.8 0.0253655578722871
7 0.0186871609716958
7.2 0.0135144925915671
7.4 0.00959430834898632
7.6 0.00668628846184373
7.8 0.00457418848010666
8 0.00307185358632446
8.2 0.00202509069413203
8.4 0.00131052694129318
8.6 0.00083253967374941
8.8 0.000519184159066711
9 0.000317830402141392
9.2 0.000190997178302526
9.4 0.000112671992552593
9.6 6.5247294424091e-05
9.8 3.70908298706582e-05
10 2.06979866536049e-05
10.2 1.13382796515465e-05
10.4 6.09710586485052e-06
10.6 3.21853189165795e-06
10.8 1.66782088305617e-06
11 8.48395795575236e-07
11.2 4.23647957960597e-07
11.4 2.07667835717209e-07
11.6 9.99288445365942e-08
11.8 4.72030438131439e-08
12 2.18880288510346e-08
12.2 9.96324500773456e-09
12.4 4.45197254706916e-09
12.6 1.95281748310041e-09
12.8 8.40868998643965e-10
13 3.55428736122971e-10
13.2 1.47480378312724e-10
13.4 6.00721890827309e-11
13.6 2.40198440404682e-11
13.8 9.42810515548857e-12
14 3.63275544048363e-12
14.2 1.37405910912515e-12
14.4 5.10190278308287e-13
14.6 1.859586787173e-13
14.8 6.65362368189819e-14
15 2.33699361760066e-14
15.2 8.05776000362394e-15
15.4 2.72727316503467e-15
15.6 9.06150762302556e-16
15.8 2.95549201680934e-16
16 9.46273396784077e-17
16.2 2.97413707127403e-17
16.4 9.1761993423885e-18
16.6 2.7792154050511e-18
16.8 8.26302538217176e-19
17 2.41164553236926e-19
17.2 6.90948013350244e-20
17.4 1.94327730939668e-20
17.6 5.36514787414871e-21
17.8 1.45407270732119e-21
18 3.86854861500582e-22
18.2 1.0103399003356e-22
18.4 2.59026656459007e-23
18.6 6.5189691295353e-24
18.8 1.61053771276921e-24
19 3.90589336842031e-25
19.2 9.29881005092367e-26
19.4 2.17316088505605e-26
19.6 4.98555936888677e-27
19.8 1.12277675971876e-27
20 2.48216385150813e-28
