0.005 0
0.015 0
0.025 0
0.035 0
0.045 0
0.055 0
0.065 9.99999999999999e-05
0.075 0
0.085 1e-04
0.095 2e-04
0.105 5e-04
0.115 0.0011
0.125 0.0013
0.135 0.0024
0.145 0.00450000000000001
0.155 0.00779999999999999
0.165 0.0113
0.175 0.0163
0.185 0.0243
0.195 0.0357
0.205 0.0488000000000001
0.215 0.0623999999999999
0.225 0.0935999999999999
0.235 0.1281
0.245 0.1673
0.255 0.2144
0.265 0.2808
0.275 0.3583
0.285 0.440100000000002
0.295 0.543999999999999
0.305 0.653499999999999
0.315 0.784899999999999
0.325 0.937499999999999
0.335 1.0981
0.345 1.2897
0.355 1.47410000000001
0.365 1.666
0.375 1.8678
0.385 2.0857
0.395 2.3602
0.405 2.5425
0.415 2.76740000000001
0.425 2.9617
0.435 3.1608
0.445 3.3875
0.455 3.5346
0.465 3.6698
0.475 3.76500000000002
0.485 3.7884
0.495 3.8294
0.505 3.8105
0.515 3.7698
0.525 3.6757
0.535 3.6537
0.545 3.5252
0.555 3.3663
0.565 3.1686
0.575 2.98150000000003
0.585 2.7767
0.595 2.5364
0.605 2.3279
0.615 2.1253
0.625 1.8873
0.635 1.6687
0.645 1.4822
0.655 1.2659
0.665 1.0863
0.675 0.938999999999999
0.685 0.779999999999999
0.695 0.664399999999999
0.705 0.539600000000006
0.715 0.4505
0.725 0.3483
0.735 0.2832
0.745 0.2161
0.755 0.1637
0.765 0.1234
0.775 0.0953999999999999
0.785 0.0689999999999999
0.795 0.0496
0.805 0.0347
0.815 0.0224
0.825 0.0165
0.835 0.0111000000000001
0.845 0.00669999999999999
0.855 0.0054
0.865 0.0028
0.875 0.000999999999999999
0.885 5e-04
0.895 4e-04
0.905 3e-04
0.915 0
0.925 0
0.935 0
0.945 0
0.955 0
0.965 0
0.975 0
0.985 0
0.995 0
