-0.5 1.46460300474078e-23
-0.49 4.28956023868479e-23
-0.48 1.24284005321816e-22
-0.47 3.56227407566444e-22
-0.46 1.01006434145235e-21
-0.45 2.83322045106073e-21
-0.44 7.86178777786613e-21
-0.43 2.15810158679343e-20
-0.42 5.86046493120856e-20
-0.41 1.57435213885486e-19
-0.4 4.18390008928825e-19
-0.39 1.09994343334503e-18
-0.38 2.86067827055269e-18
-0.37 7.3599913263149e-18
-0.36 1.87324769776579e-17
-0.35 4.7165314221278e-17
-0.34 1.17478901322761e-16
-0.33 2.89472052219275e-16
-0.32 7.05607232124959e-16
-0.31 1.70148853245492e-15
-0.3 4.05886539528462e-15
-0.29 9.57833210708188e-15
-0.28 2.23606669412466e-14
-0.27 5.1640356796952e-14
-0.26 1.1797862633066e-13
-0.25 2.66641077566048e-13
-0.24 5.96156654272966e-13
-0.23 1.31857050138733e-12
-0.22 2.88506721068317e-12
-0.21 6.24479424755379e-12
-0.2 1.33718024666397e-11
-0.19 2.83250960041224e-11
-0.18 5.93557023388414e-11
-0.17 1.2304476057474e-10
-0.16 2.52332634753669e-10
-0.15 5.11909676446271e-10
-0.14 1.02736052625527e-09
-0.13 2.03967996837899e-09
-0.12 4.00599871832146e-09
-0.11 7.78339732705049e-09
-0.1 1.49601936548259e-08
-0.09 2.8445583671823e-08
-0.08 5.35059529231659e-08
-0.07 9.95632297593178e-08
-0.06 1.83275945737031e-07
-0.05 3.33750236158042e-07
-0.04 6.01239235246547e-07
-0.03 1.07147653696801e-06
-0.02 1.88898120417013e-06
-0.01 3.29444474165012e-06
0 5.68390012212322e-06
0.01 9.70108406285245e-06
0.02 1.63796160556093e-05
0.03 2.7358783753757e-05
0.04 4.52063533735331e-05
0.05 7.38944436950534e-05
0.0600000000000001 0.000119490591770917
0.0700000000000001 0.000191146019950408
0.08 0.000302486799445403
0.09 0.000473540592856757
0.1 0.000733360678114976
0.11 0.00112353769034551
0.12 0.00170281431101748
0.13 0.00255303375364095
0.14 0.0037866524088131
0.15 0.00555602185983319
0.16 0.00806458585483751
0.17 0.0115800334337632
0.18 0.0164492907263001
0.19 0.0231150139129085
0.2 0.0321329620795148
0.21 0.0441892859040719
0.22 0.0601163805515791
0.23 0.0809055446937592
0.24 0.107714300835965
0.25 0.141865916191183
0.26 0.18483847938996
0.27 0.238240903027531
0.28 0.303773500432053
0.29 0.383171381103407
0.3 0.478129855268691
0.31 0.590212333438365
0.32 0.720742808984155
0.33 0.870686829460421
0.34 1.04052675524686
0.35 1.23013888833779
0.36 1.43868151612784
0.37 1.66450383222353
0.38 1.90508586367356
0.39 2.15701879391593
0.4 2.41603334171831
0.41 2.67708115667822
0.42 2.93447065321345
0.43 3.18205457317392
0.44 3.41346218709915
0.45 3.62236482945876
0.46 3.80275985349976
0.47 3.94925550087611
0.48 4.05733794648672
0.49 4.12360211176762
0.5 4.14592979365603
0.51 4.12360211176762
0.52 4.05733794648672
0.53 3.94925550087611
0.54 3.80275985349976
0.55 3.62236482945876
0.56 3.41346218709915
0.57 3.18205457317392
0.58 2.93447065321345
0.59 2.67708115667821
0.6 2.4160333417183
0.61 2.15701879391592
0.62 1.90508586367356
0.63 1.66450383222353
0.64 1.43868151612783
0.65 1.23013888833779
0.66 1.04052675524686
0.67 0.870686829460421
0.68 0.720742808984155
0.69 0.590212333438365
0.7 0.478129855268691
0.71 0.383171381103407
0.72 0.303773500432053
0.73 0.238240903027531
0.74 0.18483847938996
0.75 0.141865916191183
0.76 0.107714300835965
0.77 0.0809055446937592
0.78 0.0601163805515791
0.79 0.0441892859040719
0.8 0.0321329620795147
0.81 0.0231150139129085
0.82 0.0164492907263001
0.83 0.0115800334337632
0.84 0.00806458585483749
0.85 0.00555602185983317
0.86 0.00378665240881308
0.87 0.00255303375364094
0.88 0.00170281431101747
0.89 0.00112353769034551
0.9 0.000733360678114974
0.91 0.000473540592856758
0.92 0.000302486799445406
0.93 0.000191146019950408
0.94 0.000119490591770917
0.95 7.38944436950534e-05
0.96 4.52063533735331e-05
0.97 2.7358783753757e-05
0.98 1.63796160556093e-05
0.99 9.70108406285245e-06
1 5.68390012212322e-06
1.01 3.29444474165012e-06
1.02 1.88898120417013e-06
1.03 1.07147653696801e-06
1.04 6.01239235246547e-07
1.05 3.33750236158042e-07
1.06 1.83275945737031e-07
1.07 9.95632297593178e-08
1.08 5.35059529231659e-08
1.09 2.84455836718229e-08
1.1 1.49601936548258e-08
1.11 7.7833973270504e-09
1.12 4.00599871832143e-09
1.13 2.03967996837896e-09
1.14 1.02736052625527e-09
1.15 5.11909676446262e-10
1.16 2.52332634753666e-10
1.17 1.2304476057474e-10
1.18 5.93557023388414e-11
1.19 2.83250960041224e-11
1.2 1.33718024666397e-11
1.21 6.24479424755379e-12
1.22 2.88506721068317e-12
1.23 1.31857050138733e-12
1.24 5.96156654272966e-13
1.25 2.66641077566048e-13
1.26 1.1797862633066e-13
1.27 5.1640356796952e-14
1.28 2.23606669412466e-14
1.29 9.57833210708188e-15
1.3 4.05886539528462e-15
1.31 1.70148853245492e-15
1.32 7.05607232124959e-16
1.33 2.8947205221927e-16
1.34 1.17478901322759e-16
1.35 4.7165314221278e-17
1.36 1.87324769776579e-17
1.37 7.35999132631479e-18
1.38 2.86067827055264e-18
1.39 1.09994343334503e-18
1.4 4.18390008928825e-19
1.41 1.57435213885484e-19
1.42 5.86046493120856e-20
1.43 2.15810158679343e-20
1.44 7.86178777786613e-21
1.45 2.83322045106073e-21
1.46 1.01006434145235e-21
1.47 3.56227407566444e-22
1.48 1.24284005321816e-22
1.49 4.28956023868479e-23
1.5 1.46460300474078e-23
