0 0.583498330339075
0.2 0.749226686750232
0.4 0.8143375198382
0.6 0.749226686750232
0.8 0.583498330339075
1 0.384665807013638
1.2 0.214657039689608
1.4 0.101396805859771
1.6 0.0405434777747011
1.8 0.01372256544032
2 0.00393158082387954
2.2 0.000953491206424175
2.4 0.000195741883272273
2.6 3.40148389546397e-05
2.8 5.00346264916849e-06
3 6.23003507151628e-07
3.2 6.56640865531035e-08
3.4 5.85845244930122e-09
3.6 4.42441134938171e-10
3.8 2.82843154664655e-11
4 1.53057083492486e-12
4.2 7.01098085280192e-14
4.4 2.71845228690767e-15
4.6 8.92241121382196e-17
4.8 2.47890761465153e-18
5 5.82983192819013e-20
5.2 1.16056458450173e-21
5.4 1.95569073886059e-23
5.6 2.7896430152771e-25
5.8 3.36833027915622e-27
6 3.44269297987127e-29
6.2 2.97851303397693e-31
6.4 2.18131458002573e-33
6.6 1.35224282539195e-35
6.8 7.09591910640525e-38
7 3.15195647868724e-40
7.2 1.1851391774697e-42
7.4 3.77203821524183e-45
7.6 1.01624962749938e-47
7.8 2.31762037993148e-50
8 4.47405984864436e-53
8.2 7.3110350122489e-56
8.4 1.0112849044484e-58
8.6 1.18409288543238e-61
8.8 1.17358785141065e-64
9 9.8460724032323e-68
9.2 6.99242845146497e-71
9.4 4.20349585779554e-74
9.6 2.13900008924611e-77
9.8 9.21358332733489e-81
10 3.35941703056997e-84
10.2 1.03685220953208e-87
10.4 2.70886512397396e-91
10.6 5.9906713184804e-95
10.8 1.12145329018414e-98
11 1.77706974418011e-102
11.2 2.38366567407479e-106
11.4 2.70647362088025e-110
11.6 2.60123650963384e-114
11.8 2.11628166663273e-118
12 1.45741986493695e-122
12.2 8.49598009411802e-127
12.4 4.19237260074951e-131
12.6 1.75115201471571e-135
12.8 6.19163588495076e-140
13 1.85312431907681e-144
13.2 4.69484532452665e-149
13.4 1.00682874967713e-153
13.6 1.8277109514216e-158
13.8 2.80851667220744e-163
14 3.65312123218135e-168
14.2 4.0222471242378e-173
14.4 3.74878903646593e-178
14.6 2.95754144173235e-183
14.8 1.97509624240207e-188
15 1.11651168628219e-193
15.2 5.34263948854416e-199
15.4 2.16404383100107e-204
15.6 7.41982773076326e-210
15.8 2.15347174516667e-215
16 5.29056579802629e-221
16.2 1.10022788654766e-226
16.4 1.93678210261487e-232
16.6 2.88600091441889e-238
16.8 3.64023777322175e-244
17 3.88669646794939e-250
17.2 3.51276491020359e-256
17.4 2.6874174473633e-262
17.6 1.74035868656464e-268
17.8 9.54025503162622e-275
18 4.42689060512956e-281
18.2 1.73882222277185e-287
18.4 5.78134864391608e-294
18.6 1.62712427705394e-300
18.8 3.87641152290963e-307
19 7.81729701644014e-314
19.2 1.33447130941721e-320
19.4 0
19.6 0
19.8 0
20 0
