0 0.0687852478191037
0.2 0.0944108466383168
0.4 0.125334893240709
0.6 0.160933188518915
0.8 0.199867763901733
1 0.240084105302676
1.2 0.278937934675432
1.4 0.31345504961376
1.6 0.340695562768074
1.8 0.35816339780164
2 0.36418281019736
2.2 0.35816339780164
2.4 0.340695562768074
2.6 0.31345504961376
2.8 0.278937934675432
3 0.240084105302676
3.2 0.199867763901733
3.4 0.160933188518915
3.6 0.125334893240709
3.8 0.0944108466383167
4 0.0687852478191037
4.2 0.0484721448864724
4.4 0.033037919164291
4.6 0.0217799386503785
4.8 0.0138875020240765
5 0.00856475877534871
5.2 0.00510892648388453
5.4 0.00294759416612502
5.6 0.00164486114016452
5.8 0.000887798301903031
6 0.00046347135412408
6.2 0.000234021091605641
6.4 0.000114290628800903
6.6 5.39870703372855e-05
6.8 2.46656415863555e-05
7 1.08998015178305e-05
7.2 4.65873792399815e-06
7.4 1.92593438804997e-06
7.6 7.70084199352635e-07
7.8 2.97823151403778e-07
8 1.11404366726248e-07
8.2 4.03059805496508e-08
8.4 1.41045841092628e-08
8.6 4.77391405649547e-09
8.8 1.5628324666935e-09
9 4.9485022333453e-10
9.2 1.51550939737651e-10
9.4 4.48917994457171e-11
9.6 1.28617158808835e-11
9.8 3.56413648498943e-12
10 9.55285660449348e-13
10.2 2.4764850360617e-13
10.4 6.20957211077735e-14
10.6 1.50595210133326e-14
10.8 3.53251618265203e-15
11 8.01457834387776e-16
11.2 1.75873624696284e-16
11.4 3.73288204913516e-17
11.6 7.66322077653139e-18
11.8 1.52160499514028e-18
12 2.92224100273576e-19
12.2 5.42817264737803e-20
12.4 9.75247378734342e-21
12.6 1.69472582842375e-21
12.8 2.84844358410494e-22
13 4.6306218160109e-23
13.2 7.2810585261961e-24
13.4 1.10732026436619e-24
13.6 1.62882899160921e-25
13.8 2.317401325544e-26
14 3.18897069708224e-27
14.2 4.24446858389376e-28
14.4 5.46411253929031e-29
14.6 6.80361084740929e-30
14.8 8.19375193386629e-31
15 9.54442293021384e-32
15.2 1.07532577717846e-32
15.4 1.17180124492875e-33
15.6 1.23506942556116e-34
15.8 1.25907703820969e-35
16 1.24147149989599e-36
16.2 1.18398096859564e-37
16.4 1.09213470088264e-38
16.6 9.74386388239554e-40
16.8 8.408329607736e-41
17 7.01797415266403e-42
17.2 5.66548792477673e-43
17.4 4.42370735875965e-44
17.6 3.34086539300568e-45
17.8 2.44036666231915e-46
18 1.72414865005082e-47
18.2 1.17819682122904e-48
18.4 7.78725693505062e-50
18.6 4.97822680524892e-51
18.8 3.07814001731704e-52
19 1.84088042755531e-53
19.2 1.06484478143714e-54
19.4 5.95758916105364e-56
19.6 3.22387587112867e-57
19.8 1.68736715109122e-58
20 8.54209477932698e-60
