0.005 0
0.015 0
0.025 0
0.035 0
0.045 0
0.055 0
0.065 0
0.075 0
0.085 2e-04
0.095 0
0.105 2e-04
0.115 1e-04
0.125 5e-04
0.135 0.0012
0.145 0.0021
0.155 0.0035
0.165 0.00589999999999999
0.175 0.00930000000000002
0.185 0.0131
0.195 0.0195
0.205 0.0296000000000001
0.215 0.0386
0.225 0.0604999999999999
0.235 0.0805000000000001
0.245 0.1155
0.255 0.1534
0.265 0.2111
0.275 0.2678
0.285 0.345500000000002
0.295 0.439
0.305 0.5444
0.315 0.678799999999999
0.325 0.815699999999999
0.335 0.982399999999999
0.345 1.1713
0.355 1.38030000000001
0.365 1.6094
0.375 1.8286
0.385 2.0697
0.395 2.3189
0.405 2.5788
0.415 2.80680000000001
0.425 3.0847
0.435 3.2886
0.445 3.4906
0.455 3.6804
0.465 3.8327
0.475 3.95640000000002
0.485 4.0207
0.495 4.1003
0.505 4.068
0.515 4.0586
0.525 3.9001
0.535 3.8172
0.545 3.657
0.555 3.4634
0.565 3.3077
0.575 3.09540000000003
0.585 2.8352
0.595 2.5649
0.605 2.2904
0.615 2.0712
0.625 1.8438
0.635 1.5931
0.645 1.3837
0.655 1.1691
0.665 0.998799999999999
0.675 0.815199999999999
0.685 0.678499999999999
0.695 0.5395
0.705 0.439600000000004
0.715 0.3517
0.725 0.2687
0.735 0.208
0.745 0.159
0.755 0.1147
0.765 0.0849999999999999
0.775 0.0594999999999999
0.785 0.0449
0.795 0.0306
0.805 0.0185
0.815 0.0124
0.825 0.00759999999999999
0.835 0.00500000000000005
0.845 0.0031
0.855 0.002
0.865 0.0013
0.875 4e-04
0.885 3e-04
0.895 2e-04
0.905 0
0.915 9.99999999999999e-05
0.925 0
0.935 0
0.945 0
0.955 0
0.965 0
0.975 0
0.985 0
0.995 0
