-2.5 3.69518826869279e-30
-2.45 2.54721847052902e-29
-2.4 1.70778063406929e-28
-2.35 1.11361286119684e-27
-2.3 7.06273084503118e-27
-2.25 4.3565965006878e-26
-2.2 2.61371532967991e-25
-2.15 1.52512519684027e-24
-2.1 8.65543644337132e-24
-2.05 4.77758818054769e-23
-2 2.56486620890214e-22
-1.95 1.33923559777633e-21
-1.9 6.80119955501663e-21
-1.85 3.3593117981e-20
-1.8 1.61380619058144e-19
-1.75 7.54030135795139e-19
-1.7 3.42659119055625e-18
-1.65 1.51451001337096e-17
-1.6 6.51055884397372e-17
-1.55 2.72207854388985e-16
-1.5 1.10692781497574e-15
-1.45 4.37798443496387e-15
-1.4 1.68409036117896e-14
-1.35 6.30075846538734e-14
-1.3 2.29274913035563e-13
-1.25 8.11440177676337e-13
-1.2 2.79314024339654e-12
-1.15 9.35115468590428e-12
-1.1 3.04490680278822e-11
-1.05 9.6431524406929e-11
-1 2.97030006245072e-10
-0.95 8.89852204920951e-10
-0.9 2.5928160226899e-09
-0.85 7.3478754658721e-09
-0.8 2.02529428327443e-08
-0.75 5.42938640252848e-08
-0.7 1.41562958215163e-07
-0.65 3.58992001418109e-07
-0.6 8.85433969507305e-07
-0.55 2.12404567389029e-06
-0.5 4.95573171578099e-06
-0.45 1.12457386871561e-05
-0.4 2.48201529021e-05
-0.35 5.32791370230181e-05
-0.3 0.000111236207985461
-0.25 0.000225876699629392
-0.2 0.000446100752549619
-0.15 0.000856901183541023
-0.0999999999999996 0.00160090217206941
-0.0499999999999998 0.00290894231681921
0 0.00514092998763702
0.0500000000000003 0.00883658651476703
0.1 0.0147728280397934
0.15 0.0240203325486975
0.2 0.0379866200793249
0.25 0.0584276683118951
0.3 0.0874062969790318
0.35 0.12717541168806
0.4 0.179969888377294
0.45 0.247703878529977
0.5 0.331590462642496
0.55 0.431725318886306
0.6 0.546700248919979
0.65 0.673328951846864
0.7 0.806569081730478
0.75 0.939706251367675
0.8 1.06482668507451
0.85 1.17355108921433
0.9 1.25794409230998
0.95 1.3114657203398
1 1.32980760133811
1.05 1.3114657203398
1.1 1.25794409230998
1.15 1.17355108921433
1.2 1.06482668507451
1.25 0.939706251367675
1.3 0.806569081730477
1.35 0.673328951846863
1.4 0.546700248919978
1.45 0.431725318886305
1.5 0.331590462642496
1.55 0.247703878529977
1.6 0.179969888377293
1.65 0.12717541168806
1.7 0.0874062969790315
1.75 0.0584276683118951
1.8 0.0379866200793249
1.85 0.0240203325486973
1.9 0.0147728280397933
1.95 0.008836586514767
2 0.00514092998763702
2.05 0.00290894231681921
2.1 0.00160090217206939
2.15 0.000856901183541017
2.2 0.000446100752549616
2.25 0.000225876699629392
2.3 0.00011123620798546
2.35 5.32791370230178e-05
2.4 2.48201529020999e-05
2.45 1.1245738687156e-05
2.5 4.95573171578099e-06
