0 0.107328519844804
0.2 0.146700693093903
0.4 0.192332903506819
0.6 0.241868553130369
0.8 0.291749165169537
1 0.337554757986339
1.2 0.374613343375116
1.4 0.398773828259504
1.6 0.4071687599191
1.8 0.398773828259504
2 0.374613343375116
2.2 0.337554757986339
2.4 0.291749165169537
2.6 0.241868553130369
2.8 0.192332903506819
3 0.146700693093903
3.2 0.107328519844804
3.4 0.0753186472083562
3.6 0.0506984029298857
3.8 0.0327333491439282
4 0.0202717388873506
4.2 0.012041926190738
4.4 0.00686128272016
4.6 0.00374989463793745
4.8 0.00196579041193977
5 0.000988461494795822
5.2 0.000476745603212089
5.4 0.000220555571634348
5.6 9.78709416361369e-05
5.8 4.16575665516204e-05
6 1.70074194773198e-05
6.2 6.66020116257107e-06
6.4 2.50173132458424e-06
6.6 9.01360210749368e-07
6.8 3.11501753575813e-07
7 1.03258783764453e-07
7.2 3.28320432765519e-08
7.4 1.00132074609241e-08
7.6 2.92922622465062e-09
7.8 8.21934120650759e-10
8 2.21220567469085e-10
8.2 5.71108193805932e-11
8.4 1.41421577332328e-11
8.6 3.35905688857463e-12
8.8 7.65285417462426e-13
9 1.6723759496301e-13
9.2 3.50549042640094e-14
9.4 7.04803503098877e-15
9.6 1.35922614345381e-15
9.8 2.51431554806693e-16
10 4.46120560691098e-17
10.2 7.59257506496738e-18
10.4 1.23945380732576e-18
10.6 1.94077859646063e-19
10.8 2.91491596409502e-20
11 4.19933459760768e-21
11.2 5.80282292250853e-22
11.4 7.691349606275e-23
11.6 9.77845369430278e-24
11.8 1.19245558274485e-24
12 1.39482150763855e-25
12.2 1.56494635987943e-26
12.4 1.68416513957811e-27
12.6 1.73849836944351e-28
12.8 1.7213464899356e-29
13 1.63480781627348e-30
13.2 1.48925651698843e-31
13.4 1.30129784209633e-32
13.6 1.09065729001284e-33
13.8 8.76807589006932e-35
14 6.76121412695974e-36
14.2 5.00091504572577e-37
14.4 3.54795955320263e-38
14.6 2.41441677641632e-39
14.8 1.57597823934358e-40
15 9.86716952240692e-42
15.2 5.92569588734837e-43
15.4 3.41342626208694e-44
15.6 1.88601910762087e-45
15.8 9.99553508155355e-47
16 5.0812481374969e-48
16.2 2.47764543403464e-49
16.4 1.15881018996571e-50
16.6 5.19864128316538e-52
16.8 2.23702992432212e-53
17 9.23332521603139e-55
17.2 3.65551750612456e-56
17.4 1.38817430112893e-57
17.6 5.056424522242e-59
17.8 1.76663753776804e-60
18 5.9204644271619e-62
18.2 1.90313017161768e-63
18.4 5.86793925705324e-65
18.6 1.73543008160083e-66
18.8 4.92303620161615e-68
19 1.33956358843436e-69
19.2 3.49621422573248e-71
19.4 8.7526010520532e-73
19.6 2.10174792889777e-74
19.8 4.84092684003041e-76
20 1.06950004462313e-77
