-0.5 3.64552970989397e-08
-0.49 5.21584798372811e-08
-0.48 7.43576658849007e-08
-0.47 1.05624121973915e-07
-0.46 1.49498561837706e-07
-0.45 2.10837305689226e-07
-0.44 2.96274613626627e-07
-0.43 4.14837456726744e-07
-0.42 5.78759357056403e-07
-0.41 8.04552943101281e-07
-0.4 1.11441710673317e-06
-0.39 1.53807478384475e-06
-0.38 2.11516218756842e-06
-0.37 2.8983206816998e-06
-0.36 3.95717938114513e-06
-0.35 5.38346109742998e-06
-0.34 7.29749759358791e-06
-0.33 9.85650352827043e-06
-0.32 1.32650332474105e-05
-0.31 1.77881320112716e-05
-0.3 2.37677945461924e-05
-0.29 3.16434600576078e-05
-0.28 4.19774048596222e-05
-0.27 5.54860420200337e-05
-0.26 7.30783018216119e-05
-0.25 9.59024466414329e-05
-0.24 0.000125402867402702
-0.23 0.000163388613305956
-0.22 0.000212115618010639
-0.21 0.000274384798149608
-0.2 0.000353658406539239
-0.19 0.000454197213180967
-0.18 0.000581221250392316
-0.17 0.000741096980046142
-0.16 0.000941553804393195
-0.15 0.00119193282835664
-0.14 0.00150347066934516
-0.13 0.00188962087744513
-0.12 0.00236641514981494
-0.11 0.00295286597299736
-0.1 0.00367141158068263
-0.09 0.00454840314857226
-0.08 0.00561463294156487
-0.07 0.00690590066507089
-0.06 0.0084636135416483
-0.05 0.0103354136343221
-0.04 0.0125758236771477
-0.03 0.0152469001723591
-0.02 0.0184188798066284
-0.01 0.0221708023773542
0 0.026591090471628
0.01 0.0317780631918661
0.02 0.0378403583775956
0.03 0.0448972351546834
0.04 0.0530787263894234
0.05 0.0625256088865356
0.0600000000000001 0.0733891581076679
0.0700000000000001 0.0858306539648983
0.08 0.100020605024286
0.09 0.116137660390422
0.1 0.134367181769057
0.11 0.154899452829526
0.12 0.177927509084048
0.13 0.203644579094695
0.14 0.232241136884734
0.15 0.263901575882563
0.16 0.298800526410425
0.17 0.337098851423208
0.18 0.378939368611192
0.19 0.424442360741901
0.2 0.473700949805365
0.21 0.526776423665434
0.22 0.583693615988805
0.23 0.644436450680903
0.24 0.708943770357494
0.25 0.777105573995351
0.26 0.848759791349033
0.27 0.923689720575802
0.28 1.00162225045028
0.29 1.08222697936248
0.3 1.16511632989928
0.31 1.24984674028265
0.32 1.33592099251057
0.33 1.42279171211628
0.34 1.5098660465887
0.35 1.59651149939253
0.36 1.68206286503772
0.37 1.76583017872995
0.38 1.84710756281912
0.39 1.92518282262704
0.4 1.9993476173508
0.41 2.068908008636
0.42 2.13319517103598
0.43 2.19157603573292
0.44 2.24346363223877
0.45 2.28832689276315
0.46 2.32569969075008
0.47 2.35518889872257
0.48 2.37648127076194
0.49 2.38934898117364
0.5 2.3936536824086
0.51 2.38934898117364
0.52 2.37648127076194
0.53 2.35518889872257
0.54 2.32569969075008
0.55 2.28832689276314
0.56 2.24346363223877
0.57 2.19157603573292
0.58 2.13319517103598
0.59 2.068908008636
0.6 1.9993476173508
0.61 1.92518282262703
0.62 1.84710756281912
0.63 1.76583017872995
0.64 1.68206286503772
0.65 1.59651149939253
0.66 1.5098660465887
0.67 1.42279171211628
0.68 1.33592099251057
0.69 1.24984674028265
0.7 1.16511632989928
0.71 1.08222697936248
0.72 1.00162225045028
0.73 0.923689720575802
0.74 0.848759791349033
0.75 0.777105573995351
0.76 0.708943770357494
0.77 0.644436450680903
0.78 0.583693615988805
0.79 0.526776423665434
0.8 0.473700949805365
0.81 0.4244423607419
0.82 0.378939368611192
0.83 0.337098851423208
0.84 0.298800526410424
0.85 0.263901575882563
0.86 0.232241136884733
0.87 0.203644579094695
0.88 0.177927509084047
0.89 0.154899452829526
0.9 0.134367181769057
0.91 0.116137660390422
0.92 0.100020605024286
0.93 0.0858306539648983
0.94 0.0733891581076679
0.95 0.0625256088865356
0.96 0.0530787263894234
0.97 0.0448972351546834
0.98 0.0378403583775956
0.99 0.0317780631918661
1 0.026591090471628
1.01 0.0221708023773542
1.02 0.0184188798066284
1.03 0.0152469001723591
1.04 0.0125758236771477
1.05 0.0103354136343221
1.06 0.0084636135416483
1.07 0.00690590066507089
1.08 0.00561463294156487
1.09 0.00454840314857226
1.1 0.00367141158068263
1.11 0.00295286597299736
1.12 0.00236641514981493
1.13 0.00188962087744513
1.14 0.00150347066934516
1.15 0.00119193282835663
1.16 0.00094155380439319
1.17 0.000741096980046142
1.18 0.000581221250392316
1.19 0.000454197213180967
1.2 0.000353658406539239
1.21 0.000274384798149608
1.22 0.000212115618010639
1.23 0.000163388613305956
1.24 0.000125402867402702
1.25 9.59024466414329e-05
1.26 7.30783018216119e-05
1.27 5.54860420200337e-05
1.28 4.19774048596222e-05
1.29 3.16434600576078e-05
1.3 2.37677945461924e-05
1.31 1.77881320112716e-05
1.32 1.32650332474105e-05
1.33 9.85650352827043e-06
1.34 7.29749759358788e-06
1.35 5.38346109742998e-06
1.36 3.95717938114511e-06
1.37 2.8983206816998e-06
1.38 2.11516218756841e-06
1.39 1.53807478384475e-06
1.4 1.11441710673317e-06
1.41 8.04552943101281e-07
1.42 5.78759357056403e-07
1.43 4.14837456726744e-07
1.44 2.96274613626627e-07
1.45 2.10837305689226e-07
1.46 1.49498561837706e-07
1.47 1.05624121973915e-07
1.48 7.43576658849007e-08
1.49 5.21584798372811e-08
1.5 3.64552970989397e-08
