-0.5 1.04342951881246e-10
-0.49 1.68221756502446e-10
-0.48 2.69908520379215e-10
-0.47 4.30989224304637e-10
-0.46 6.8490701750352e-10
-0.45 1.08320886713296e-09
-0.44 1.70493640206082e-09
-0.43 2.67066581221432e-09
-0.42 4.16338235156912e-09
-0.41 6.45934428773239e-09
-0.4 9.97346243655064e-09
-0.39 1.53256486807259e-08
-0.38 2.34372774728937e-08
-0.37 3.5670635282111e-08
-0.36 5.40293711668441e-08
-0.35 8.14449888734834e-08
-0.34 1.22183963824689e-07
-0.33 1.82422934877504e-07
-0.32 2.71056641752158e-07
-0.31 4.00826156831033e-07
-0.3 5.89885121839938e-07
-0.29 8.63961155771585e-07
-0.28 1.25932080278009e-06
-0.27 1.82681229054138e-06
-0.26 2.63734447493306e-06
-0.25 3.78926674808216e-06
-0.24 5.41824807721067e-06
-0.23 7.71041899312587e-06
-0.22 1.09197440370729e-05
-0.21 1.53908400454886e-05
-0.2 2.15887539839356e-05
-0.19 3.01375689156888e-05
-0.18 4.18701235243235e-05
-0.17 5.78916135396657e-05
-0.16 7.96603945139448e-05
-0.15 0.000109089923702905
-0.14 0.000148676459195922
-0.13 0.000201657866296936
-0.12 0.000272209646937904
-0.11 0.000365685081594089
-0.1 0.000488907118743319
-0.09 0.000650520316903044
-0.08 0.00086141167859024
-0.07 0.00113520954067832
-0.06 0.00148886971452172
-0.05 0.00194335770198659
-0.04 0.00252443493920873
-0.03 0.00326355551958551
-0.02 0.00419887759895779
-0.01 0.00537639056989167
0 0.00685115500022054
0.01 0.00868864717619321
0.02 0.0109661938175334
0.03 0.0137744751300506
0.04 0.0172190658787693
0.05 0.0214219747196765
0.0600000000000001 0.0265231318233411
0.0700000000000001 0.0326817641545256
0.08 0.0400775870343861
0.09 0.0489117303040319
0.1 0.0594073081263824
0.11 0.0718095338906433
0.12 0.0863852765710617
0.13 0.103421953028955
0.14 0.12322565292664
0.15 0.14611839989311
0.16 0.172434464998055
0.17 0.202515666954702
0.18 0.236705618072877
0.19 0.275342905842625
0.2 0.318753236845794
0.21 0.367240611806158
0.22 0.421077646947651
0.23 0.480495205989436
0.24 0.545671557241571
0.25 0.616721319215077
0.26 0.693684503497905
0.27 0.776516002775929
0.28 0.865075902149036
0.29 0.959121010751892
0.3 1.05829801582877
0.31 1.16213865092964
0.32 1.27005724244904
0.33 1.38135095367874
0.34 1.49520298306163
0.35 1.61068889447887
0.36 1.72678616415692
0.37 1.84238692402682
0.38 1.95631376880897
0.39 2.06733837812717
0.4 2.17420259047716
0.41 2.2756414580661
0.42 2.37040771559831
0.43 2.45729701694219
0.44 2.53517323566651
0.45 2.60299309226367
0.46 2.65982936502529
0.47 2.70489196432448
0.48 2.73754620146934
0.49 2.75732766192171
0.5 2.76395319577068
0.51 2.75732766192171
0.52 2.73754620146934
0.53 2.70489196432448
0.54 2.65982936502529
0.55 2.60299309226367
0.56 2.53517323566651
0.57 2.45729701694219
0.58 2.37040771559831
0.59 2.2756414580661
0.6 2.17420259047716
0.61 2.06733837812717
0.62 1.95631376880897
0.63 1.84238692402682
0.64 1.72678616415692
0.65 1.61068889447887
0.66 1.49520298306163
0.67 1.38135095367874
0.68 1.27005724244904
0.69 1.16213865092964
0.7 1.05829801582877
0.71 0.959121010751892
0.72 0.865075902149036
0.73 0.776516002775929
0.74 0.693684503497905
0.75 0.616721319215077
0.76 0.545671557241571
0.77 0.480495205989436
0.78 0.421077646947651
0.79 0.367240611806158
0.8 0.318753236845794
0.81 0.275342905842625
0.82 0.236705618072877
0.83 0.202515666954702
0.84 0.172434464998054
0.85 0.146118399893109
0.86 0.12322565292664
0.87 0.103421953028955
0.88 0.0863852765710616
0.89 0.0718095338906431
0.9 0.0594073081263823
0.91 0.048911730304032
0.92 0.0400775870343862
0.93 0.0326817641545256
0.94 0.0265231318233411
0.95 0.0214219747196765
0.96 0.0172190658787693
0.97 0.0137744751300506
0.98 0.0109661938175334
0.99 0.00868864717619321
1 0.00685115500022054
1.01 0.00537639056989167
1.02 0.00419887759895779
1.03 0.00326355551958551
1.04 0.00252443493920873
1.05 0.00194335770198659
1.06 0.00148886971452172
1.07 0.00113520954067832
1.08 0.00086141167859024
1.09 0.000650520316903042
1.1 0.000488907118743317
1.11 0.000365685081594088
1.12 0.000272209646937903
1.13 0.000201657866296936
1.14 0.000148676459195921
1.15 0.000109089923702904
1.16 7.96603945139441e-05
1.17 5.78916135396657e-05
1.18 4.18701235243235e-05
1.19 3.01375689156888e-05
1.2 2.15887539839356e-05
1.21 1.53908400454886e-05
1.22 1.09197440370729e-05
1.23 7.71041899312587e-06
1.24 5.41824807721067e-06
1.25 3.78926674808216e-06
1.26 2.63734447493306e-06
1.27 1.82681229054138e-06
1.28 1.25932080278009e-06
1.29 8.63961155771585e-07
1.3 5.89885121839938e-07
1.31 4.00826156831033e-07
1.32 2.71056641752158e-07
1.33 1.82422934877503e-07
1.34 1.22183963824688e-07
1.35 8.1444988873483e-08
1.36 5.40293711668438e-08
1.37 3.56706352821108e-08
1.38 2.34372774728936e-08
1.39 1.53256486807258e-08
1.4 9.97346243655058e-09
1.41 6.45934428773235e-09
1.42 4.16338235156912e-09
1.43 2.67066581221432e-09
1.44 1.70493640206082e-09
1.45 1.08320886713296e-09
1.46 6.8490701750352e-10
1.47 4.30989224304637e-10
1.48 2.69908520379215e-10
1.49 1.68221756502446e-10
1.5 1.04342951881246e-10
