0.005 0
0.015 0
0.025 2e-04
0.035 0
0.045 0.001
0.055 8e-04
0.065 0.0021
0.075 0.0036
0.085 0.0064
0.095 0.0102
0.105 0.016
0.115 0.0239
0.125 0.0322
0.135 0.046
0.145 0.0530000000000001
0.155 0.0760999999999999
0.165 0.0963999999999999
0.175 0.1264
0.185 0.1521
0.195 0.1915
0.205 0.2297
0.215 0.2787
0.225 0.3382
0.235 0.385200000000001
0.245 0.4713
0.255 0.5372
0.265 0.624099999999999
0.275 0.717399999999999
0.285 0.830400000000004
0.295 0.949299999999999
0.305 1.0581
0.315 1.162
0.325 1.2937
0.335 1.4276
0.345 1.5521
0.355 1.68050000000001
0.365 1.8148
0.375 1.9464
0.385 2.108
0.395 2.2415
0.405 2.3473
0.415 2.48370000000001
0.425 2.5997
0.435 2.6834
0.445 2.7535
0.455 2.8528
0.465 2.8988
0.475 2.96750000000001
0.485 2.9711
0.495 2.9979
0.505 2.9848
0.515 2.998
0.525 2.9689
0.535 2.8817
0.545 2.8228
0.555 2.7663
0.565 2.6707
0.575 2.56530000000003
0.585 2.4681
0.595 2.3418
0.605 2.2363
0.615 2.0966
0.625 1.9463
0.635 1.8355
0.645 1.6919
0.655 1.5457
0.665 1.417
0.675 1.2892
0.685 1.1682
0.695 1.04
0.705 0.93660000000001
0.715 0.817999999999999
0.725 0.739299999999999
0.735 0.628399999999999
0.745 0.546999999999999
0.755 0.4749
0.765 0.3994
0.775 0.3383
0.785 0.275
0.795 0.2428
0.805 0.1905
0.815 0.1509
0.825 0.1265
0.835 0.0925000000000009
0.845 0.0752999999999999
0.855 0.0555
0.865 0.0417
0.875 0.0325
0.885 0.0213
0.895 0.0137
0.905 0.00869999999999999
0.915 0.00719999999999999
0.925 0.0035
0.935 0.0034
0.945 0.0013
0.955 0.000700000000000007
0.965 2e-04
0.975 0
0.985 0
0.995 0
