0 0.00455334292164018
0.2 0.00554559837987269
0.4 0.0067155994737732
0.6 0.00808610685167279
0.8 0.00968082752288089
1 0.0115240147806798
1.2 0.0136399710283618
1.4 0.0160524529752933
1.6 0.0187839828078951
1.8 0.0218550736843869
2 0.0252833831013255
2.2 0.0290828131279243
2.4 0.0332625819428494
2.6 0.0378262962364777
2.8 0.0427710585282988
3 0.048086646950428
3.2 0.0537548072286825
3.4 0.0597486971489577
3.6 0.0660325224819374
3.8 0.0725613999871873
4 0.0792814776638181
4.2 0.0861303349127399
4.4 0.0930376759067849
4.6 0.0999263185414423
4.8 0.106713469295286
5 0.113312261706381
5.2 0.119633523590656
5.4 0.125587726259175
5.6 0.131087058509748
5.8 0.136047559715267
6 0.14039124046869
6.2 0.144048116415233
6.4 0.146958081395151
6.6 0.149072549944492
6.8 0.150355806472474
7 0.150786008773027
7.2 0.150355806472474
7.4 0.149072549944492
7.6 0.146958081395151
7.8 0.144048116415233
8 0.14039124046869
8.2 0.136047559715267
8.4 0.131087058509747
8.6 0.125587726259175
8.8 0.119633523590656
9 0.113312261706381
9.2 0.106713469295286
9.4 0.0999263185414423
9.6 0.0930376759067849
9.8 0.0861303349127398
10 0.0792814776638181
10.2 0.0725613999871872
10.4 0.0660325224819374
10.6 0.0597486971489577
10.8 0.0537548072286825
11 0.048086646950428
11.2 0.0427710585282987
11.4 0.0378262962364777
11.6 0.0332625819428494
11.8 0.0290828131279243
12 0.0252833831013255
12.2 0.0218550736843869
12.4 0.0187839828078951
12.6 0.0160524529752933
12.8 0.0136399710283618
13 0.0115240147806798
13.2 0.00968082752288088
13.4 0.00808610685167279
13.6 0.00671559947377319
13.8 0.00554559837987269
14 0.00455334292164018
14.2 0.00371732576129143
14.4 0.00301751335497667
14.6 0.00243548858062744
14.8 0.00195452536817647
15 0.00155960580436622
15.2 0.00123739025461987
15.4 0.000976150670715954
15.6 0.000765676538741544
15.8 0.000597161967417316
16 0.000463081314769402
16.2 0.000357059582108948
16.4 0.000273742635586951
16.6 0.00020867119998731
16.8 0.000158161545447364
17 0.00011919488079696
17.2 8.93166909188804e-05
17.4 6.65466140006145e-05
17.6 4.92989441763284e-05
17.8 3.63134566360454e-05
18 2.65959728410988e-05
18.2 1.93678979424559e-05
18.4 1.4023854989166e-05
18.6 1.00964954532102e-05
18.8 7.22756844192523e-06
19 5.14436872269797e-06
19.2 3.64074517390807e-06
19.4 2.56192725022536e-06
19.6 1.79251013973568e-06
19.8 1.24702386865253e-06
20 8.62593593986795e-07
