-0.5 4.95573171578099e-06
-0.45 1.12457386871561e-05
-0.4 2.48201529021e-05
-0.35 5.32791370230181e-05
-0.3 0.000111236207985461
-0.25 0.000225876699629392
-0.2 0.000446100752549618
-0.15 0.000856901183541023
-0.1 0.0016009021720694
-0.05 0.0029089423168192
0 0.00514092998763702
0.05 0.00883658651476702
0.1 0.0147728280397934
0.15 0.0240203325486974
0.2 0.0379866200793248
0.25 0.0584276683118951
0.3 0.0874062969790316
0.35 0.12717541168806
0.4 0.179969888377294
0.45 0.247703878529977
0.5 0.331590462642496
0.55 0.431725318886306
0.6 0.546700248919979
0.65 0.673328951846863
0.7 0.806569081730478
0.75 0.939706251367675
0.8 1.06482668507451
0.85 1.17355108921433
0.9 1.25794409230998
0.95 1.3114657203398
1 1.32980760133811
1.05 1.3114657203398
1.1 1.25794409230998
1.15 1.17355108921433
1.2 1.06482668507451
1.25 0.939706251367675
1.3 0.806569081730478
1.35 0.673328951846863
1.4 0.546700248919978
1.45 0.431725318886305
1.5 0.331590462642496
1.55 0.247703878529976
1.6 0.179969888377293
1.65 0.12717541168806
1.7 0.0874062969790315
1.75 0.0584276683118951
1.8 0.0379866200793247
1.85 0.0240203325486974
1.9 0.0147728280397933
1.95 0.008836586514767
2 0.00514092998763702
2.05 0.00290894231681919
2.1 0.0016009021720694
2.15 0.000856901183541017
2.2 0.000446100752549616
2.25 0.000225876699629392
2.3 0.000111236207985461
2.35 5.32791370230181e-05
2.4 2.48201529020999e-05
2.45 1.1245738687156e-05
2.5 4.95573171578099e-06
