0 0.020005104902129
0.2 0.027630055641966
0.4 0.0373744563614101
0.6 0.0495131101533732
0.8 0.0642418040849038
1 0.0816333178883849
1.2 0.101594305575757
1.4 0.123829318383432
1.6 0.147818842386824
1.8 0.172817735325859
2 0.197878687347212
2.2 0.221902364612817
2.4 0.243712069653426
2.6 0.262146669074861
2.8 0.276161954721495
3 0.284928276185968
3.2 0.287911791226113
3.4 0.284928276185968
3.6 0.276161954721495
3.8 0.262146669074861
4 0.243712069653426
4.2 0.221902364612817
4.4 0.197878687347212
4.6 0.172817735325859
4.8 0.147818842386824
5 0.123829318383432
5.2 0.101594305575757
5.4 0.0816333178883849
5.6 0.0642418040849038
5.8 0.0495131101533732
6 0.0373744563614101
6.2 0.027630055641966
6.4 0.020005104902129
6.6 0.0141857435664084
6.8 0.00985179973549881
7 0.00670087078653237
7.2 0.00446374226059819
7.4 0.00291218643926438
7.6 0.00186076461407727
7.8 0.00116443674112761
8 0.000713661979189638
8.2 0.000428372337605521
8.4 0.000251827106082814
8.6 0.000144989225351622
8.8 8.17562913374984e-05
9 4.51501122073753e-05
9.2 2.44201700384487e-05
9.4 1.29357237261888e-05
9.6 6.71096506193361e-06
9.8 3.40981975367907e-06
10 1.69679769371907e-06
10.2 8.2695315097611e-07
10.4 3.94715286258557e-07
10.6 1.84518189012548e-07
10.8 8.44785827836253e-08
11 3.78796758396512e-08
11.2 1.66348192547999e-08
11.4 7.15454660950555e-09
11.6 3.01368840020833e-09
11.8 1.24327377793378e-09
12 5.02328015198158e-10
12.2 1.98774295923596e-10
12.4 7.70344961159925e-11
12.6 2.92389967388869e-11
12.8 1.08690574876296e-11
13 3.95706790521167e-12
13.2 1.41093601283611e-12
13.4 4.9271221868594e-13
13.6 1.68512276047425e-13
13.8 5.64445421937328e-14
14 1.85167414976421e-14
14.2 5.9492109779689e-15
14.4 1.87200229126222e-15
14.6 5.76906695774161e-16
14.8 1.74123336922944e-16
15 5.14707600804463e-17
15.2 1.49010331230968e-17
15.4 4.22497727037445e-18
15.6 1.17323381549069e-18
15.8 3.19078076466322e-19
16 8.49887725385136e-20
16.2 2.2170645962413e-20
16.4 5.66431419226111e-21
16.6 1.41732197794819e-21
16.8 3.47329688200515e-22
17 8.3361877924182e-23
17.2 1.9595000143324e-23
17.4 4.51102517388449e-24
17.6 1.01708541995886e-24
17.8 2.24590718741346e-25
18 4.85711492570418e-26
18.2 1.02876730229211e-26
18.4 2.13406736091922e-27
18.6 4.33562081952583e-28
18.8 8.62673904158253e-29
19 1.68110262735838e-29
19.2 3.20844051086014e-30
19.4 5.99716439444301e-31
19.6 1.09786796996557e-31
19.8 1.96836880683242e-32
20 3.4563286523239e-33
