-0.5 1.12276901121449e-41
-0.49 7.58519230315731e-41
-0.48 5.02694715575317e-40
-0.47 3.26816210524948e-39
-0.46 2.08432004922301e-38
-0.45 1.30402755392127e-37
-0.44 8.00332910776569e-37
-0.43 4.81854733855309e-36
-0.42 2.8459228970223e-35
-0.41 1.64888996759858e-34
-0.4 9.37177314375048e-34
-0.39 5.22532617433615e-33
-0.38 2.85802872050362e-32
-0.37 1.53349130669364e-31
-0.36 8.07156212664887e-31
-0.35 4.16769007145591e-30
-0.34 2.11103183574635e-29
-0.33 1.04895219525185e-28
-0.32 5.11302781758041e-28
-0.31 2.44490596887258e-27
-0.3 1.14685288662088e-26
-0.29 5.27733676899591e-26
-0.28 2.38222869900249e-25
-0.27 1.05490570592808e-24
-0.26 4.58253062923267e-24
-0.25 1.95280400632108e-23
-0.24 8.1634452483092e-23
-0.23 3.34772562942179e-22
-0.22 1.34675245526982e-21
-0.21 5.31480384764652e-21
-0.2 2.05753983177713e-20
-0.19 7.81395324161142e-20
-0.18 2.91108516235457e-19
-0.17 1.06389938842989e-18
-0.16 3.81423769407031e-18
-0.15 1.34145619111438e-17
-0.14 4.62814312022775e-17
-0.13 1.56638535097014e-16
-0.12 5.20058251128264e-16
-0.11 1.69381866952991e-15
-0.1 5.41182052704624e-15
-0.09 1.69621696171233e-14
-0.08 5.21532003493392e-14
-0.07 1.57304835107547e-13
-0.06 4.65441095169047e-13
-0.05 1.35098001853313e-12
-0.04 3.8467562809109e-12
-0.03 1.07448897422879e-11
-0.02 2.94422367853504e-11
-0.01 7.91409364517886e-11
0 2.08685903762492e-10
0.01 5.3981704075843e-10
0.02 1.36981403500704e-09
0.03 3.40987280412164e-09
0.04 8.32676470313825e-09
0.05 1.99469248731013e-08
0.0600000000000001 4.68745549457877e-08
0.0700000000000001 1.08058742333689e-07
0.08 2.44367927649376e-07
0.09 5.42113283504315e-07
0.1 1.17977024367988e-06
0.11 2.51864160556018e-06
0.12 5.27468894986613e-06
0.13 1.08364961544213e-05
0.14 2.18394880741458e-05
0.15 4.31775079678712e-05
0.16 8.3740247048647e-05
0.17 0.00015932078902789
0.18 0.000297352918391844
0.19 0.00054441929387581
0.2 0.000977814237486642
0.21 0.00172282335718048
0.22 0.00297773942904343
0.23 0.00504886987841746
0.24 0.00839775519791559
0.25 0.0137023100004411
0.26 0.0219323876350668
0.27 0.0344381317575386
0.28 0.0530462636466823
0.29 0.0801551740687724
0.3 0.118814616252765
0.31 0.172770553142124
0.32 0.246451305853281
0.33 0.34486892999611
0.34 0.473411236145753
0.35 0.637506473691587
0.36 0.842155293895302
0.37 1.09134311448314
0.38 1.38736900699581
0.39 1.73015180429807
0.4 2.11659603165754
0.41 2.54011448489808
0.42 2.99040596612326
0.43 3.45357232831384
0.44 3.91262753761794
0.45 4.34840518095432
0.46 4.74081543119663
0.47 5.07034647133302
0.48 5.31965873005058
0.49 5.47509240293867
0.5 5.52790639154137
0.51 5.47509240293867
0.52 5.31965873005058
0.53 5.07034647133302
0.54 4.74081543119663
0.55 4.34840518095431
0.56 3.91262753761793
0.57 3.45357232831384
0.58 2.99040596612325
0.59 2.54011448489808
0.6 2.11659603165754
0.61 1.73015180429807
0.62 1.38736900699581
0.63 1.09134311448314
0.64 0.842155293895299
0.65 0.637506473691586
0.66 0.473411236145755
0.67 0.34486892999611
0.68 0.246451305853281
0.69 0.172770553142124
0.7 0.118814616252765
0.71 0.0801551740687724
0.72 0.0530462636466823
0.73 0.0344381317575386
0.74 0.0219323876350668
0.75 0.0137023100004411
0.76 0.00839775519791559
0.77 0.00504886987841746
0.78 0.00297773942904343
0.79 0.00172282335718048
0.8 0.000977814237486635
0.81 0.000544419293875805
0.82 0.000297352918391843
0.83 0.000159320789027888
0.84 8.37402470486464e-05
0.85 4.31775079678709e-05
0.86 2.18394880741456e-05
0.87 1.08364961544212e-05
0.88 5.2746889498661e-06
0.89 2.51864160556016e-06
0.9 1.17977024367986e-06
0.91 5.42113283504321e-07
0.92 2.44367927649379e-07
0.93 1.08058742333689e-07
0.94 4.68745549457877e-08
0.95 1.99469248731013e-08
0.96 8.32676470313825e-09
0.97 3.40987280412164e-09
0.98 1.36981403500704e-09
0.99 5.3981704075843e-10
1 2.08685903762492e-10
1.01 7.91409364517886e-11
1.02 2.94422367853504e-11
1.03 1.07448897422879e-11
1.04 3.8467562809109e-12
1.05 1.35098001853313e-12
1.06 4.65441095169047e-13
1.07 1.57304835107547e-13
1.08 5.21532003493392e-14
1.09 1.69621696171231e-14
1.1 5.41182052704616e-15
1.11 1.69381866952988e-15
1.12 5.20058251128256e-16
1.13 1.56638535097012e-16
1.14 4.62814312022768e-17
1.15 1.34145619111434e-17
1.16 3.81423769407019e-18
1.17 1.06389938842989e-18
1.18 2.91108516235457e-19
1.19 7.81395324161142e-20
1.2 2.05753983177713e-20
1.21 5.31480384764652e-21
1.22 1.34675245526982e-21
1.23 3.34772562942179e-22
1.24 8.1634452483092e-23
1.25 1.95280400632108e-23
1.26 4.58253062923267e-24
1.27 1.05490570592808e-24
1.28 2.38222869900249e-25
1.29 5.27733676899591e-26
1.3 1.14685288662088e-26
1.31 2.44490596887258e-27
1.32 5.11302781758041e-28
1.33 1.04895219525183e-28
1.34 2.1110318357463e-29
1.35 4.16769007145583e-30
1.36 8.0715621266487e-31
1.37 1.53349130669361e-31
1.38 2.85802872050355e-32
1.39 5.22532617433603e-33
1.4 9.37177314375027e-34
1.41 1.64888996759854e-34
1.42 2.8459228970223e-35
1.43 4.81854733855309e-36
1.44 8.00332910776569e-37
1.45 1.30402755392127e-37
1.46 2.08432004922301e-38
1.47 3.26816210524948e-39
1.48 5.02694715575317e-40
1.49 7.58519230315731e-41
1.5 1.12276901121449e-41
