0.005 0
0.015 0
0.025 0
0.035 0
0.045 0
0.055 2e-04
0.065 0
0.075 3e-04
0.085 3e-04
0.095 0.000999999999999999
0.105 0.0017
0.115 0.0019
0.125 0.0052
0.135 0.00689999999999999
0.145 0.00880000000000002
0.155 0.0145
0.165 0.0223
0.175 0.0315000000000001
0.185 0.0499
0.195 0.0587999999999999
0.205 0.0842000000000001
0.215 0.112
0.225 0.1474
0.235 0.1803
0.245 0.249
0.255 0.3084
0.265 0.3714
0.275 0.45
0.285 0.555700000000003
0.295 0.655099999999999
0.305 0.779899999999999
0.315 0.907499999999999
0.325 1.0512
0.335 1.2162
0.345 1.3637
0.355 1.55520000000001
0.365 1.7478
0.375 1.9428
0.385 2.1267
0.395 2.3191
0.405 2.5367
0.415 2.72780000000001
0.425 2.9151
0.435 3.0353
0.445 3.1606
0.455 3.3136
0.465 3.4154
0.475 3.47530000000002
0.485 3.5598
0.495 3.564
0.505 3.5385
0.515 3.5687
0.525 3.483
0.535 3.3973
0.545 3.3333
0.555 3.1507
0.565 3.038
0.575 2.88560000000003
0.585 2.7166
0.595 2.5026
0.605 2.3346
0.615 2.1116
0.625 1.9357
0.635 1.741
0.645 1.5704
0.655 1.3658
0.665 1.2357
0.675 1.0579
0.685 0.910799999999999
0.695 0.774299999999999
0.705 0.669400000000007
0.715 0.5579
0.725 0.4569
0.735 0.3557
0.745 0.2982
0.755 0.2378
0.765 0.1913
0.775 0.1469
0.785 0.1124
0.795 0.0826999999999999
0.805 0.0641999999999999
0.815 0.0479
0.825 0.0336
0.835 0.0220000000000002
0.845 0.015
0.855 0.00909999999999999
0.865 0.00679999999999999
0.875 0.0042
0.885 0.0027
0.895 0.0013
0.905 0.000699999999999999
0.915 4e-04
0.925 3e-04
0.935 0
0.945 0
0.955 0
0.965 0
0.975 0
0.985 0
0.995 0
