0 0.00918662887546033
0.2 0.0127145758968888
0.4 0.0173065038700708
0.6 0.0231674677807131
0.8 0.030500681992316
1 0.0394913782962116
1.2 0.0502871231715919
1.4 0.0629757066797228
1.6 0.0775623692402596
1.8 0.0939487145762227
2 0.11191605079452
2.2 0.131115993383443
2.4 0.151070866874106
2.6 0.171185719101857
2.8 0.190772644692047
3 0.209086709468641
3.2 0.225371250296867
3.4 0.238908916575849
3.6 0.249073751598445
3.8 0.255379083639632
4 0.257516134682126
4.2 0.255379083639632
4.4 0.249073751598445
4.6 0.238908916575849
4.8 0.225371250296867
5 0.209086709468641
5.2 0.190772644692046
5.4 0.171185719101857
5.6 0.151070866874106
5.8 0.131115993383443
6 0.11191605079452
6.2 0.0939487145762227
6.4 0.0775623692402595
6.6 0.0629757066797227
6.8 0.0502871231715918
7 0.0394913782962116
7.2 0.030500681992316
7.4 0.0231674677807131
7.6 0.0173065038700708
7.8 0.0127145758968888
8 0.00918662887546033
8.2 0.00652788092670186
8.4 0.0045619448909394
8.6 0.00313537581397791
8.8 0.00211929264947527
9 0.00140881516661288
9.2 0.000921040788764172
9.4 0.000592195996987387
9.6 0.000374467240095062
9.8 0.000232875580750818
10 0.000142428149153569
10.2 8.56701385090861e-05
10.4 5.06786300010979e-05
10.6 2.94837025891863e-05
10.8 1.68694504887994e-05
11 9.49252192414535e-06
11.2 5.25320126787984e-06
11.4 2.85909266000226e-06
11.6 1.53036202146097e-06
11.8 8.05604506265448e-07
12 4.17072305699914e-07
12.2 2.12355042304705e-07
12.4 1.06334834871411e-07
12.6 5.23661087100318e-08
12.8 2.53621930288558e-08
13 1.20805042606266e-08
13.2 5.65907019224397e-09
13.4 2.60715503450535e-09
13.6 1.18127331248107e-09
13.8 5.26375523338865e-10
14 2.30676173504142e-10
14.2 9.9419494289565e-11
14.4 4.21407362907367e-11
14.6 1.75668724408958e-11
14.8 7.20192401080426e-12
15 2.90378448401053e-12
15.2 1.15144178213263e-12
15.4 4.49036193232441e-13
15.6 1.72219557468828e-13
15.8 6.49599002112728e-14
16 2.40973889674842e-14
16.2 8.79136649411475e-15
16.4 3.15431122417666e-15
16.6 1.11304944137689e-15
16.8 3.86265686110963e-16
17 1.31831611619471e-16
17.2 4.42501504749149e-17
17.4 1.46073589394339e-17
17.6 4.74231512127621e-18
17.8 1.51415688425964e-18
18 4.75459030628327e-19
18.2 1.46830772722096e-19
18.4 4.45946568818229e-20
18.6 1.33201871812512e-20
18.8 3.91290755424337e-21
19 1.13044804144411e-21
19.2 3.2119101120551e-22
19.4 8.97507152451691e-23
19.6 2.46646077134415e-23
19.8 6.66610676855445e-24
20 1.77187090468451e-24
