0 0.00627617438523049
0.2 0.00869300080142799
0.4 0.0118594409722188
0.6 0.0159359697456542
0.8 0.0210917471292046
1 0.0274958022565422
1.2 0.0353053089496204
1.4 0.0446512290229164
1.6 0.0556219997720692
1.8 0.0682463707546621
2 0.0824768952292017
2.2 0.0981758855491316
2.4 0.115105779764398
2.6 0.132925779497294
2.8 0.151196271242969
3 0.169391934002384
3.2 0.186923606962536
3.4 0.203168025358694
3.6 0.217503548640953
3.8 0.229349139474303
4 0.238203239535865
4.2 0.243678937673445
4.4 0.245532000546537
4.6 0.243678937673445
4.8 0.238203239535865
5 0.229349139474303
5.2 0.217503548640953
5.4 0.203168025358694
5.6 0.186923606962536
5.8 0.169391934002384
6 0.151196271242969
6.2 0.132925779497294
6.4 0.115105779764398
6.6 0.0981758855491316
6.8 0.0824768952292017
7 0.0682463707546621
7.2 0.0556219997720692
7.4 0.0446512290229164
7.6 0.0353053089496204
7.8 0.0274958022565422
8 0.0210917471292046
8.2 0.0159359697456542
8.4 0.0118594409722188
8.6 0.00869300080142801
8.8 0.00627617438523049
9 0.00446313542721717
9.2 0.00312611469992925
9.4 0.0021566989791782
9.6 0.00146552738285575
9.8 0.000980885066777254
10 0.000646639289576442
10.2 0.000419880625118132
10.4 0.000268540233456454
10.6 0.000169165840057698
10.8 0.000104962884698244
11 6.41473362341806e-05
11.2 3.86136873665324e-05
11.4 2.28941068781681e-05
11.6 1.33698309626186e-05
11.8 7.69038190603968e-06
12 4.35702126069234e-06
12.2 2.43137099433364e-06
12.4 1.33638799045247e-06
12.6 7.23491907149782e-07
12.8 3.85793202670758e-07
13 2.02626034916117e-07
13.2 1.04822786689523e-07
13.4 5.34116429116258e-08
13.6 2.68062431798619e-08
13.8 1.3251216510277e-08
14 6.4520143902614e-09
14.2 3.09424491098617e-09
14.4 1.46161780193897e-09
14.6 6.80037313595539e-10
14.8 3.11638742171647e-10
15 1.40666254299257e-10
15.2 6.2538604198198e-11
15.4 2.73858500228454e-11
15.6 1.18120165685543e-11
15.8 5.01812702005459e-12
16 2.09980532761423e-12
16.2 8.65438471454009e-13
16.4 3.51328305777509e-13
16.6 1.40478501626698e-13
16.8 5.53256304860568e-14
17 2.14616277542847e-14
17.2 8.20009199265608e-15
17.4 3.08599040752388e-15
17.6 1.14390563552578e-15
17.8 4.17643385867717e-16
18 1.50189923791889e-16
18.2 5.31980565107365e-17
18.4 1.85596813932158e-17
18.6 6.37771410699121e-18
18.8 2.15863571643205e-18
19 7.19636943631102e-19
19.2 2.36301959419496e-19
19.4 7.64259728718261e-20
19.6 2.434638073858e-20
19.8 7.6391954834821e-21
20 2.36091645059617e-21
