0.005 0
0.015 0
0.025 0
0.035 0
0.045 0
0.055 0
0.065 0
0.075 0
0.085 0
0.095 0
0.105 0
0.115 1e-04
0.125 4e-04
0.135 5e-04
0.145 0.000800000000000001
0.155 0.0014
0.165 0.0028
0.175 0.00390000000000001
0.185 0.00709999999999999
0.195 0.00919999999999999
0.205 0.0191
0.215 0.0243
0.225 0.042
0.235 0.0551000000000001
0.245 0.0740999999999999
0.255 0.1158
0.265 0.1568
0.275 0.2041
0.285 0.266000000000001
0.295 0.3538
0.305 0.454
0.315 0.5749
0.325 0.713399999999999
0.335 0.888299999999999
0.345 1.0605
0.355 1.28070000000001
0.365 1.4872
0.375 1.7483
0.385 2.0268
0.395 2.318
0.405 2.5853
0.415 2.83650000000001
0.425 3.1143
0.435 3.4024
0.445 3.6531
0.455 3.8535
0.465 4.0612
0.475 4.13810000000002
0.485 4.2529
0.495 4.2771
0.505 4.2685
0.515 4.2456
0.525 4.1597
0.535 4.0327
0.545 3.8181
0.555 3.6077
0.565 3.3796
0.575 3.13970000000003
0.585 2.8571
0.595 2.5407
0.605 2.2994
0.615 2.0135
0.625 1.7482
0.635 1.4872
0.645 1.2892
0.655 1.0751
0.665 0.886899999999999
0.675 0.704699999999999
0.685 0.575299999999999
0.695 0.4603
0.705 0.361900000000004
0.715 0.2775
0.725 0.2034
0.735 0.1503
0.745 0.1053
0.755 0.0793999999999999
0.765 0.0602999999999999
0.775 0.0373
0.785 0.0269
0.795 0.0174
0.805 0.013
0.815 0.00649999999999999
0.825 0.0037
0.835 0.00200000000000002
0.845 0.000899999999999999
0.855 5e-04
0.865 3e-04
0.875 4e-04
0.885 0
0.895 0
0.905 0
0.915 0
0.925 0
0.935 0
0.945 0
0.955 0
0.965 0
0.975 0
0.985 0
0.995 0
