0 0.00258337316926151
0.2 0.00314746061873009
0.4 0.00381559255443098
0.6 0.00460248315862011
0.8 0.00552396541650138
1 0.0065968744912688
1.2 0.00783888006210855
1.4 0.00926826292175853
1.6 0.0109036323292432
1.8 0.0127635821967192
2 0.0148662861529537
2.2 0.0172290338444616
2.4 0.0198677134596597
2.6 0.0227962483173779
2.8 0.0260259983495087
3 0.0295651403059114
3.2 0.0334180433754424
3.4 0.0375846594930229
3.6 0.0420599497241555
3.8 0.046833369621306
4 0.0518884371775743
4.2 0.0572024068293978
4.4 0.0627460717800454
4.6 0.0684837146685127
4.8 0.0743732232821836
5 0.0803663836494009
5.2 0.0864093575513173
5.4 0.0924433454208138
5.6 0.0984054289642859
5.8 0.104229580911432
6 0.109847822366931
6.2 0.115191501626528
6.4 0.120192662354913
6.6 0.124785464018076
6.8 0.12890761370237
7 0.132501766172014
7.2 0.135516848388108
7.4 0.137909265831353
7.6 0.139643950848617
7.8 0.140695217803252
8 0.141047395886939
8.2 0.140695217803252
8.4 0.139643950848617
8.6 0.137909265831353
8.8 0.135516848388108
9 0.132501766172014
9.2 0.12890761370237
9.4 0.124785464018076
9.6 0.120192662354913
9.8 0.115191501626527
10 0.109847822366931
10.2 0.104229580911432
10.4 0.0984054289642859
10.6 0.0924433454208137
10.8 0.0864093575513173
11 0.0803663836494009
11.2 0.0743732232821836
11.4 0.0684837146685127
11.6 0.0627460717800453
11.8 0.0572024068293978
12 0.0518884371775743
12.2 0.046833369621306
12.4 0.0420599497241555
12.6 0.0375846594930229
12.8 0.0334180433754424
13 0.0295651403059114
13.2 0.0260259983495087
13.4 0.0227962483173779
13.6 0.0198677134596597
13.8 0.0172290338444616
14 0.0148662861529537
14.2 0.0127635821967192
14.4 0.0109036323292432
14.6 0.00926826292175852
14.8 0.00783888006210855
15 0.0065968744912688
15.2 0.00552396541650138
15.4 0.00460248315862011
15.6 0.00381559255443097
15.8 0.00314746061873009
16 0.00258337316926151
16.2 0.00210980594684252
16.4 0.00171445624997585
16.6 0.00138624128779977
16.8 0.00111526938311453
17 0.000892789877752248
17.2 0.000711127155315671
17.4 0.000563603648699121
17.6 0.000444456085109718
17.8 0.000348748577376359
18 0.000272285528794089
18.2 0.000211526704709926
18.4 0.00016350625621541
18.6 0.000125756972394474
18.8 9.62405949818929e-05
19 7.32846558867241e-05
19.2 5.55259930257082e-05
19.4 4.18608596835382e-05
19.6 3.14013615650911e-05
19.8 2.34378269598365e-05
20 1.74066314933435e-05
