0.005 6e-04
0.015 0.0032
0.025 0.0093
0.035 0.0173
0.045 0.0303
0.055 0.04
0.065 0.0550999999999999
0.075 0.0747
0.085 0.1007
0.095 0.1217
0.105 0.1466
0.115 0.1754
0.125 0.2151
0.135 0.2378
0.145 0.288700000000001
0.155 0.3204
0.165 0.3651
0.175 0.425900000000001
0.185 0.4671
0.195 0.5115
0.205 0.569800000000001
0.215 0.621499999999999
0.225 0.696399999999999
0.235 0.754900000000001
0.245 0.824299999999999
0.255 0.866299999999999
0.265 0.944099999999999
0.275 1.0122
0.285 1.09190000000001
0.295 1.1738
0.305 1.255
0.315 1.3368
0.325 1.4169
0.335 1.5189
0.345 1.6087
0.355 1.67010000000001
0.365 1.7502
0.375 1.8194
0.385 1.8891
0.395 1.9679
0.405 2.008
0.415 2.05420000000001
0.425 2.1077
0.435 2.1408
0.445 2.1651
0.455 2.2109
0.465 2.2062
0.475 2.22310000000001
0.485 2.2395
0.495 2.2521
0.505 2.254
0.515 2.2322
0.525 2.2163
0.535 2.22
0.545 2.1989
0.555 2.1626
0.565 2.14
0.575 2.09360000000002
0.585 2.0369
0.595 2.0272
0.605 1.9442
0.615 1.8972
0.625 1.8431
0.635 1.7586
0.645 1.6748
0.655 1.5938
0.665 1.5236
0.675 1.4137
0.685 1.3401
0.695 1.2588
0.705 1.16760000000001
0.715 1.0833
0.725 1.0427
0.735 0.951999999999999
0.745 0.883799999999999
0.755 0.814099999999999
0.765 0.745699999999999
0.775 0.690299999999999
0.785 0.625499999999999
0.795 0.5657
0.805 0.522899999999999
0.815 0.4633
0.825 0.4111
0.835 0.368900000000004
0.845 0.3261
0.855 0.2865
0.865 0.2413
0.875 0.2096
0.885 0.1846
0.895 0.1402
0.905 0.1227
0.915 0.0964999999999999
0.925 0.0701999999999999
0.935 0.0579999999999999
0.945 0.0412
0.955 0.0269000000000003
0.965 0.0156
0.975 0.00729999999999999
0.985 0.0037
0.995 0.000799999999999999
