0.005 0.02
0.015 0.0618
0.025 0.105
0.035 0.1374
0.045 0.1841
0.055 0.2201
0.065 0.264
0.075 0.2992
0.085 0.3313
0.095 0.3798
0.105 0.4153
0.115 0.4649
0.125 0.5109
0.135 0.5347
0.145 0.594500000000001
0.155 0.609799999999999
0.165 0.657199999999999
0.175 0.700700000000001
0.185 0.738799999999999
0.195 0.784399999999999
0.205 0.808900000000002
0.215 0.843799999999999
0.225 0.888399999999999
0.235 0.944600000000002
0.245 0.988799999999999
0.255 1.0215
0.265 1.0717
0.275 1.0773
0.285 1.14720000000001
0.295 1.1768
0.305 1.2275
0.315 1.2652
0.325 1.2767
0.335 1.3147
0.345 1.3859
0.355 1.41950000000001
0.365 1.4637
0.375 1.5009
0.385 1.5527
0.395 1.5779
0.405 1.6145
0.415 1.65710000000001
0.425 1.6949
0.435 1.7373
0.445 1.7784
0.455 1.8291
0.465 1.8594
0.475 1.90470000000001
0.485 1.959
0.495 1.9693
0.505 1.9882
0.515 1.9474
0.525 1.8929
0.535 1.8956
0.545 1.8042
0.555 1.7692
0.565 1.7572
0.575 1.70070000000002
0.585 1.6501
0.595 1.5852
0.605 1.5996
0.615 1.5361
0.625 1.4942
0.635 1.4729
0.645 1.4317
0.655 1.3718
0.665 1.3434
0.675 1.3135
0.685 1.2497
0.695 1.2286
0.705 1.17390000000001
0.715 1.1384
0.725 1.0971
0.735 1.0751
0.745 1.0318
0.755 0.985899999999999
0.765 0.932199999999999
0.775 0.904099999999999
0.785 0.848699999999999
0.795 0.816899999999999
0.805 0.781199999999999
0.815 0.722599999999999
0.825 0.694299999999999
0.835 0.673400000000007
0.845 0.616599999999999
0.855 0.587299999999999
0.865 0.5444
0.875 0.4904
0.885 0.457
0.895 0.4248
0.905 0.3766
0.915 0.3428
0.925 0.2979
0.935 0.262
0.945 0.2184
0.955 0.184100000000002
0.965 0.1391
0.975 0.0981999999999999
0.985 0.0589999999999999
0.995 0.0223
