-2.5 1.10692781497574e-15
-2.45 4.37798443496387e-15
-2.4 1.68409036117896e-14
-2.35 6.30075846538726e-14
-2.3 2.29274913035563e-13
-2.25 8.11440177676337e-13
-2.2 2.79314024339654e-12
-2.15 9.35115468590428e-12
-2.1 3.04490680278818e-11
-2.05 9.6431524406929e-11
-2 2.97030006245072e-10
-1.95 8.89852204920951e-10
-1.9 2.5928160226899e-09
-1.85 7.34787546587206e-09
-1.8 2.02529428327443e-08
-1.75 5.42938640252848e-08
-1.7 1.41562958215163e-07
-1.65 3.58992001418109e-07
-1.6 8.85433969507301e-07
-1.55 2.12404567389029e-06
-1.5 4.95573171578099e-06
-1.45 1.12457386871561e-05
-1.4 2.48201529021e-05
-1.35 5.32791370230183e-05
-1.3 0.000111236207985461
-1.25 0.000225876699629392
-1.2 0.000446100752549618
-1.15 0.000856901183541023
-1.1 0.0016009021720694
-1.05 0.00290894231681921
-1 0.00514092998763702
-0.95 0.00883658651476702
-0.9 0.0147728280397934
-0.85 0.0240203325486974
-0.8 0.0379866200793249
-0.75 0.0584276683118951
-0.7 0.0874062969790316
-0.65 0.12717541168806
-0.6 0.179969888377294
-0.55 0.247703878529977
-0.5 0.331590462642496
-0.45 0.431725318886306
-0.4 0.546700248919979
-0.35 0.673328951846863
-0.3 0.806569081730478
-0.25 0.939706251367675
-0.2 1.06482668507451
-0.15 1.17355108921433
-0.0999999999999996 1.25794409230998
-0.0499999999999998 1.3114657203398
0 1.32980760133811
0.0500000000000003 1.3114657203398
0.1 1.25794409230998
0.15 1.17355108921433
0.2 1.06482668507451
0.25 0.939706251367675
0.3 0.806569081730477
0.35 0.673328951846863
0.4 0.546700248919978
0.45 0.431725318886305
0.5 0.331590462642496
0.55 0.247703878529976
0.6 0.179969888377293
0.65 0.12717541168806
0.7 0.0874062969790315
0.75 0.0584276683118951
0.8 0.0379866200793247
0.85 0.0240203325486974
0.9 0.0147728280397933
0.95 0.008836586514767
1 0.00514092998763702
1.05 0.00290894231681919
1.1 0.0016009021720694
1.15 0.000856901183541017
1.2 0.000446100752549616
1.25 0.000225876699629392
1.3 0.000111236207985461
1.35 5.32791370230181e-05
1.4 2.48201529020999e-05
1.45 1.1245738687156e-05
1.5 4.95573171578099e-06
1.55 2.12404567389029e-06
1.6 8.85433969507292e-07
1.65 3.58992001418106e-07
1.7 1.41562958215162e-07
1.75 5.42938640252848e-08
1.8 2.02529428327443e-08
1.85 7.34787546587198e-09
1.9 2.59281602268987e-09
1.95 8.89852204920946e-10
2 2.97030006245072e-10
2.05 9.6431524406929e-11
2.1 3.04490680278816e-11
2.15 9.35115468590422e-12
2.2 2.79314024339654e-12
2.25 8.11440177676337e-13
2.3 2.29274913035557e-13
2.35 6.30075846538717e-14
2.4 1.68409036117894e-14
2.45 4.37798443496387e-15
2.5 1.10692781497574e-15
