-0.5 4.38574065915658e-39
-0.49 2.62944665315813e-38
-0.48 1.54834765458864e-37
-0.47 8.95478774669482e-37
-0.46 5.08656749206882e-36
-0.45 2.83776890622822e-35
-0.44 1.55493392697637e-34
-0.43 8.36815185309265e-34
-0.42 4.42313163998272e-33
-0.41 2.29621672873285e-32
-0.4 1.17078887653992e-31
-0.39 5.86309590230793e-31
-0.38 2.88375332080146e-30
-0.37 1.39306671831594e-29
-0.36 6.60949723082137e-29
-0.35 3.0799781292694e-28
-0.34 1.409644300026e-27
-0.33 6.33656867244243e-27
-0.32 2.79757315245292e-26
-0.31 1.21308562521025e-25
-0.3 5.16635399893929e-25
-0.29 2.16102387177564e-24
-0.28 8.87805164956369e-24
-0.27 3.58227126605051e-23
-0.26 1.41965223701585e-22
-0.25 5.52571106190108e-22
-0.24 2.11240444294114e-21
-0.23 7.93137842887487e-21
-0.22 2.92484577302093e-20
-0.21 1.05935121469287e-19
-0.2 3.76842317925449e-19
-0.19 1.31662489724888e-18
-0.18 4.51800970506951e-18
-0.17 1.52270212915433e-17
-0.16 5.04040518720847e-17
-0.15 1.63869694476981e-16
-0.14 5.23256386204308e-16
-0.13 1.64101718963587e-15
-0.12 5.05468879688053e-15
-0.11 1.52917931207782e-14
-0.1 4.54365245517404e-14
-0.09 1.32597243195013e-13
-0.08 3.80055117080498e-13
-0.07 1.06989552997415e-12
-0.06 2.95814093395542e-12
-0.05 8.03302370523567e-12
-0.04 2.14250544985233e-11
-0.03 5.6123858547338e-11
-0.02 1.44396214128591e-10
-0.01 3.64877254567657e-10
0 9.05566765741932e-10
0.01 2.20737875791719e-09
0.02 5.28464649745769e-09
0.03 1.24261823845169e-08
0.04 2.86973771241493e-08
0.05 6.50922652757277e-08
0.0600000000000001 1.45010438456821e-07
0.0700000000000001 3.17286683388096e-07
0.08 6.81847297754027e-07
0.09 1.43914681757815e-06
0.1 2.98336079977482e-06
0.11 6.074200952996e-06
0.12 1.21466140289707e-05
0.13 2.38563504992763e-05
0.14 4.60188203199168e-05
0.15 8.71865826344317e-05
0.16 0.000162235737979041
0.17 0.000296500958220443
0.18 0.000532216547239287
0.19 0.000938281912479579
0.2 0.0016246544893282
0.21 0.00276293956081325
0.22 0.00461492294522396
0.23 0.00757077296502386
0.24 0.0121982825985881
0.25 0.0193036688021797
0.26 0.0300029338302591
0.27 0.0458005074715028
0.28 0.0686688153558927
0.29 0.101118709800356
0.3 0.146246736483839
0.31 0.207741635631313
0.32 0.289830181730725
0.33 0.397142505112885
0.34 0.534480459442064
0.35 0.706480196445285
0.36 0.917172136106297
0.37 1.16945741366485
0.38 1.46453808475147
0.39 1.80135631995347
0.4 2.17611220451769
0.41 2.58193699949348
0.42 3.00879567956622
0.43 3.44367733186085
0.44 3.87110459832964
0.45 4.27395612908318
0.46 4.63455363958093
0.47 4.93592401401082
0.48 5.16311403304778
0.49 5.30441711954964
0.5 5.35237234845831
0.51 5.30441711954964
0.52 5.16311403304778
0.53 4.93592401401082
0.54 4.63455363958093
0.55 4.27395612908318
0.56 3.87110459832964
0.57 3.44367733186084
0.58 3.00879567956621
0.59 2.58193699949348
0.6 2.17611220451768
0.61 1.80135631995347
0.62 1.46453808475147
0.63 1.16945741366484
0.64 0.917172136106295
0.65 0.706480196445283
0.66 0.534480459442065
0.67 0.397142505112885
0.68 0.289830181730725
0.69 0.207741635631313
0.7 0.146246736483839
0.71 0.101118709800356
0.72 0.0686688153558927
0.73 0.0458005074715028
0.74 0.0300029338302591
0.75 0.0193036688021797
0.76 0.0121982825985881
0.77 0.00757077296502386
0.78 0.00461492294522396
0.79 0.00276293956081325
0.8 0.00162465448932819
0.81 0.000938281912479571
0.82 0.000532216547239286
0.83 0.000296500958220441
0.84 0.00016223573797904
0.85 8.7186582634431e-05
0.86 4.60188203199164e-05
0.87 2.38563504992762e-05
0.88 1.21466140289706e-05
0.89 6.07420095299597e-06
0.9 2.9833607997748e-06
0.91 1.43914681757816e-06
0.92 6.81847297754034e-07
0.93 3.17286683388096e-07
0.94 1.45010438456821e-07
0.95 6.50922652757277e-08
0.96 2.86973771241493e-08
0.97 1.24261823845169e-08
0.98 5.28464649745769e-09
0.99 2.20737875791719e-09
1 9.05566765741932e-10
1.01 3.64877254567657e-10
1.02 1.44396214128591e-10
1.03 5.6123858547338e-11
1.04 2.14250544985233e-11
1.05 8.03302370523567e-12
1.06 2.95814093395542e-12
1.07 1.06989552997415e-12
1.08 3.80055117080498e-13
1.09 1.32597243195012e-13
1.1 4.54365245517397e-14
1.11 1.52917931207782e-14
1.12 5.05468879688046e-15
1.13 1.64101718963584e-15
1.14 5.23256386204308e-16
1.15 1.63869694476978e-16
1.16 5.04040518720831e-17
1.17 1.52270212915433e-17
1.18 4.51800970506951e-18
1.19 1.31662489724888e-18
1.2 3.76842317925449e-19
1.21 1.05935121469287e-19
1.22 2.92484577302093e-20
1.23 7.93137842887487e-21
1.24 2.11240444294114e-21
1.25 5.52571106190108e-22
1.26 1.41965223701585e-22
1.27 3.58227126605051e-23
1.28 8.87805164956369e-24
1.29 2.16102387177564e-24
1.3 5.16635399893929e-25
1.31 1.21308562521025e-25
1.32 2.79757315245292e-26
1.33 6.3365686724423e-27
1.34 1.40964430002598e-27
1.35 3.07997812926934e-28
1.36 6.60949723082124e-29
1.37 1.39306671831591e-29
1.38 2.8837533208014e-30
1.39 5.86309590230781e-31
1.4 1.1707888765399e-31
1.41 2.2962167287328e-32
1.42 4.42313163998272e-33
1.43 8.36815185309265e-34
1.44 1.55493392697637e-34
1.45 2.83776890622822e-35
1.46 5.08656749206882e-36
1.47 8.95478774669482e-37
1.48 1.54834765458864e-37
1.49 2.62944665315813e-38
1.5 4.38574065915658e-39
