0.005 0
0.015 0
0.025 0
0.035 0
0.045 0
0.055 0
0.065 0
0.075 0
0.085 0
0.095 0
0.105 0
0.115 0
0.125 0
0.135 0
0.145 0
0.155 9.99999999999999e-05
0.165 2e-04
0.175 1e-04
0.185 0.000799999999999999
0.195 0.0014
0.205 0.0018
0.215 0.0039
0.225 0.00669999999999999
0.235 0.0116
0.245 0.018
0.255 0.0254
0.265 0.0405
0.275 0.0684999999999999
0.285 0.1001
0.295 0.1404
0.305 0.2145
0.315 0.294
0.325 0.4042
0.335 0.514
0.345 0.711999999999999
0.355 0.884600000000004
0.365 1.1348
0.375 1.4198
0.385 1.7428
0.395 2.0884
0.405 2.4524
0.415 2.84790000000001
0.425 3.2526
0.435 3.6344
0.445 4.0023
0.455 4.3401
0.465 4.6539
0.475 4.88180000000002
0.485 5.0426
0.495 5.0934
0.505 5.0897
0.515 5.0168
0.525 4.8583
0.535 4.6156
0.545 4.347
0.555 3.9964
0.565 3.6475
0.575 3.24400000000003
0.585 2.85
0.595 2.4518
0.605 2.094
0.615 1.7523
0.625 1.4317
0.635 1.1414
0.645 0.898899999999999
0.655 0.706699999999999
0.665 0.512799999999999
0.675 0.4021
0.685 0.2855
0.695 0.2017
0.705 0.149100000000002
0.715 0.0980999999999999
0.725 0.0645999999999999
0.735 0.0456
0.745 0.0291
0.755 0.0172
0.765 0.0106
0.775 0.0048
0.785 0.0028
0.795 0.0019
0.805 0.000899999999999999
0.815 0.000799999999999999
0.825 9.99999999999999e-05
0.835 0.000200000000000002
0.845 0
0.855 0
0.865 0
0.875 0
0.885 0
0.895 0
0.905 0
0.915 0
0.925 0
0.935 0
0.945 0
0.955 0
0.965 0
0.975 0
0.985 0
0.995 0
