-0.5 9.94858295968037e-29
-0.49 3.69967519966193e-28
-0.48 1.35779211940916e-27
-0.47 4.91779342440643e-27
-0.46 1.75782077518358e-26
-0.45 6.20077848294231e-26
-0.44 2.15866452050492e-25
-0.43 7.41637025064037e-25
-0.42 2.51457715438113e-24
-0.41 8.41406457582391e-24
-0.4 2.7785232095013e-23
-0.39 9.05502241673245e-23
-0.38 2.91227474159026e-22
-0.37 9.24362822808164e-22
-0.36 2.89547560053438e-21
-0.35 8.9508578867696e-21
-0.34 2.73071720724255e-20
-0.33 8.22159548338893e-20
-0.32 2.44288372256282e-19
-0.31 7.16336036056271e-19
-0.3 2.07299433766565e-18
-0.29 5.9203413161046e-18
-0.28 1.6686401428298e-17
-0.27 4.64136734378507e-17
-0.26 1.27407944764343e-16
-0.25 3.45155176195327e-16
-0.24 9.22782998195733e-16
-0.23 2.43473719602436e-15
-0.22 6.33974675090556e-15
-0.21 1.62914238144958e-14
-0.2 4.13155450660305e-14
-0.19 1.0340350127891e-13
-0.18 2.55402012406884e-13
-0.17 6.2255926149671e-13
-0.16 1.49762952888348e-12
-0.15 3.55545677845145e-12
-0.14 8.33016733337383e-12
-0.13 1.92610234582747e-11
-0.12 4.39513589499934e-11
-0.11 9.8976608458256e-11
-0.1 2.1996832176716e-10
-0.09 4.82453017999863e-10
-0.08 1.04428063941257e-09
-0.07 2.2307286144305e-09
-0.06 4.70265980702926e-09
-0.05 9.78380301728711e-09
-0.04 2.00881133605124e-08
-0.03 4.07040772284753e-08
-0.02 8.13961736408869e-08
-0.01 1.6063396463269e-07
0 3.12851383610514e-07
0.01 6.01320617120175e-07
0.02 1.14062115412019e-06
0.03 2.13522704663144e-06
0.04 3.94470031665665e-06
0.05 7.19202653049885e-06
0.0600000000000001 1.29406430949015e-05
0.0700000000000001 2.29788214694891e-05
0.08 4.02686393475856e-05
0.09 6.96423588270288e-05
0.1 0.000118863168387971
0.11 0.000200211235373425
0.12 0.000332810409183572
0.13 0.000545974890205504
0.14 0.000883925679423343
0.15 0.00141229735332089
0.16 0.00222691608553841
0.17 0.00346536410202432
0.18 0.00532183254332422
0.19 0.00806567745210599
0.2 0.0120639022313883
0.21 0.0178074642105274
0.22 0.0259408178539429
0.23 0.0372934499648729
0.24 0.0529113412936813
0.25 0.0740853426002034
0.26 0.102372457537944
0.27 0.139605097830314
0.28 0.187882676540984
0.29 0.24953962171955
0.3 0.32708422517375
0.31 0.423103871105422
0.32 0.540134243140209
0.33 0.680493116763111
0.34 0.846083206046389
0.35 1.03817299020535
0.36 1.25716907595984
0.37 1.50239789456313
0.38 1.77191773841424
0.39 2.06238365530909
0.4 2.368986977434
0.41 2.68548790916807
0.42 3.00435357414302
0.43 3.31700553317059
0.44 3.61417071464127
0.45 3.88631896482955
0.46 4.12416026972916
0.47 4.3191664320275
0.48 4.46407679489497
0.49 4.55334636778764
0.5 4.58349784423754
0.51 4.55334636778764
0.52 4.46407679489497
0.53 4.3191664320275
0.54 4.12416026972916
0.55 3.88631896482954
0.56 3.61417071464127
0.57 3.31700553317059
0.58 3.00435357414302
0.59 2.68548790916807
0.6 2.368986977434
0.61 2.06238365530909
0.62 1.77191773841424
0.63 1.50239789456313
0.64 1.25716907595984
0.65 1.03817299020535
0.66 0.846083206046391
0.67 0.680493116763111
0.68 0.540134243140209
0.69 0.423103871105422
0.7 0.32708422517375
0.71 0.24953962171955
0.72 0.187882676540984
0.73 0.139605097830314
0.74 0.102372457537944
0.75 0.0740853426002034
0.76 0.0529113412936813
0.77 0.0372934499648729
0.78 0.0259408178539429
0.79 0.0178074642105274
0.8 0.0120639022313883
0.81 0.00806567745210595
0.82 0.00532183254332419
0.83 0.0034653641020243
0.84 0.0022269160855384
0.85 0.00141229735332088
0.86 0.00088392567942334
0.87 0.000545974890205502
0.88 0.000332810409183571
0.89 0.000200211235373423
0.9 0.00011886316838797
0.91 6.96423588270293e-05
0.92 4.02686393475859e-05
0.93 2.29788214694891e-05
0.94 1.29406430949015e-05
0.95 7.19202653049885e-06
0.96 3.94470031665665e-06
0.97 2.13522704663144e-06
0.98 1.14062115412019e-06
0.99 6.01320617120175e-07
1 3.12851383610514e-07
1.01 1.6063396463269e-07
1.02 8.13961736408869e-08
1.03 4.07040772284753e-08
1.04 2.00881133605124e-08
1.05 9.78380301728711e-09
1.06 4.70265980702926e-09
1.07 2.2307286144305e-09
1.08 1.04428063941257e-09
1.09 4.82453017999857e-10
1.1 2.19968321767158e-10
1.11 9.89766084582554e-11
1.12 4.39513589499932e-11
1.13 1.92610234582745e-11
1.14 8.33016733337372e-12
1.15 3.55545677845138e-12
1.16 1.49762952888345e-12
1.17 6.2255926149671e-13
1.18 2.55402012406884e-13
1.19 1.0340350127891e-13
1.2 4.13155450660305e-14
1.21 1.62914238144958e-14
1.22 6.33974675090556e-15
1.23 2.43473719602436e-15
1.24 9.22782998195733e-16
1.25 3.45155176195327e-16
1.26 1.27407944764343e-16
1.27 4.64136734378507e-17
1.28 1.6686401428298e-17
1.29 5.9203413161046e-18
1.3 2.07299433766565e-18
1.31 7.16336036056271e-19
1.32 2.44288372256282e-19
1.33 8.22159548338879e-20
1.34 2.7307172072425e-20
1.35 8.95085788676945e-21
1.36 2.89547560053438e-21
1.37 9.24362822808164e-22
1.38 2.91227474159026e-22
1.39 9.05502241673229e-23
1.4 2.77852320950125e-23
1.41 8.41406457582375e-24
1.42 2.51457715438113e-24
1.43 7.41637025064037e-25
1.44 2.15866452050492e-25
1.45 6.20077848294231e-26
1.46 1.75782077518358e-26
1.47 4.91779342440643e-27
1.48 1.35779211940916e-27
1.49 3.69967519966193e-28
1.5 9.94858295968037e-29
