0.05 1.74007393477259
0.1 1.20003894843014
0.15 0.955635666303396
0.2 0.807171129357681
0.25 0.704130653528599
0.3 0.626910099227521
0.35 0.566075696141472
0.4 0.516441547467278
0.45 0.474884014342575
0.5 0.439391289467722
0.55 0.40859941315756
0.6 0.381545289384093
0.65 0.357526041852497
0.7 0.33601446772677
0.75 0.316605899755539
0.8 0.298983539918205
0.85 0.282895114986884
0.9 0.268136721052083
0.95 0.254541374114313
1 0.241970724519143
1.05 0.230308948910127
1.1 0.219458172413344
1.15 0.209334986401191
1.2 0.199867763901733
1.25 0.190994564613423
1.3 0.182661481795109
1.35 0.174821324511257
1.4 0.167432557345083
1.45 0.160458439892827
1.5 0.153866322805455
1.55 0.147627067619872
1.6 0.141714565306224
1.65 0.136105334158021
1.7 0.130778181923888
1.75 0.125713920312771
1.8 0.120895122473205
1.85 0.11630591594857
1.9 0.11193180508617
1.95 0.107759518032358
2 0.103776874355149
2.05 0.0999726700567311
2.1 0.0963365773135795
2.15 0.0928590567436735
2.2 0.089531280373143
2.25 0.0863450637772612
2.3 0.0832928061175755
2.35 0.0803674369993579
2.4 0.0775623692402596
2.45 0.0748714567789705
2.5 0.0722889570672725
2.55 0.0698094973844686
2.6 0.0674280445932316
2.65 0.0651398779232149
2.7 0.0629405644255445
2.75 0.0608259367893788
2.8 0.0587920732525445
2.85 0.0568352793730445
2.9 0.0549520714579606
2.95 0.0531391614717601
3 0.0513934432679231
3.05 0.0497119800066883
3.1 0.0480919926380412
3.15 0.0465308493432061
3.2 0.0450260558401921
3.25 0.0435752464696363
3.3 0.0421761759865262
3.35 0.040826711991545
3.4 0.0395248279429457
3.45 0.0382685966961424
3.5 0.0370561845237481
3.55 0.0358858455736633
3.6 0.0347559167271384
3.65 0.0336648128225487
3.7 0.0326110222140101
3.75 0.0315931026369693
3.8 0.0306096773555866
3.85 0.0296594315691099
3.9 0.0287411090565778
3.95 0.0278535090410895
4 0.026995483256594
4.05 0.0261659332016772
4.1 0.0253638075662065
4.15 0.0245880998179277
4.2 0.023837845937227
4.25 0.0231121222892753
4.3 0.0224100436236817
4.35 0.0217307611926072
4.4 0.0210734609790302
4.45 0.0204373620275351
4.5 0.0198217148706049
4.55 0.0192258000439571
4.6 0.0186489266849692
4.65 0.0180904312087019
4.7 0.0175496760564478
4.75 0.0170260485121202
4.8 0.0165189595821455
4.85 0.0160278429348463
4.9 0.0155521538955944
4.95 0.0150913684942846
5 0.0146449825619265
