-2.5 0.0386614857271673
-2.45 0.0408164984567541
-2.4 0.043107594875664
-2.35 0.0455436659353578
-2.3 0.0481341097596149
-2.25 0.0508888398153881
-2.2 0.0538182881568024
-2.15 0.0569334024645581
-2.1 0.06024563538951
-2.05 0.0637669244735037
-2 0.0675096606638929
-1.95 0.0714866431633149
-1.9 0.0757110180680433
-1.85 0.0801961979539745
-1.8 0.0849557592797387
-1.75 0.0900033142063846
-1.7 0.0953523532023358
-1.65 0.101016054636468
-1.6 0.10700705749349
-1.55 0.113337193413961
-1.5 0.120017174513587
-1.45 0.127056233927879
-1.4 0.134461716820481
-1.35 0.142238620752881
-1.3 0.150389085907536
-1.25 0.158911837749648
-1.2 0.167801587357497
-1.15 0.177048397879376
-1.1 0.186637029385456
-1.05 0.196546278727103
-1 0.206748335783172
-0.95 0.217208182473463
-0.9 0.227883065873806
-0.85 0.238722081295933
-0.8 0.249665904822089
-0.75 0.260646716949176
-0.7 0.271588359088247
-0.65 0.282406762068424
-0.6 0.293010679964813
-0.55 0.303302753118649
-0.5 0.313180911008829
-0.45 0.322540108878225
-0.4 0.331274372349258
-0.35 0.33927910277296
-0.3 0.346453574274542
-0.25 0.35270353326442
-0.2 0.357943794638456
-0.15 0.362100718012289
-0.0999999999999996 0.365114443828518
-0.0499999999999998 0.366940774170928
0 0.367552596947861
0.0500000000000003 0.366940774170928
0.1 0.365114443828518
0.15 0.362100718012289
0.2 0.357943794638456
0.25 0.35270353326442
0.3 0.346453574274542
0.35 0.33927910277296
0.4 0.331274372349258
0.45 0.322540108878225
0.5 0.313180911008829
0.55 0.303302753118649
0.6 0.293010679964813
0.65 0.282406762068424
0.7 0.271588359088247
0.75 0.260646716949176
0.8 0.249665904822089
0.85 0.238722081295933
0.9 0.227883065873806
0.95 0.217208182473463
1 0.206748335783172
1.05 0.196546278727103
1.1 0.186637029385456
1.15 0.177048397879376
1.2 0.167801587357497
1.25 0.158911837749648
1.3 0.150389085907536
1.35 0.142238620752881
1.4 0.134461716820481
1.45 0.127056233927879
1.5 0.120017174513587
1.55 0.113337193413961
1.6 0.10700705749349
1.65 0.101016054636468
1.7 0.0953523532023358
1.75 0.0900033142063846
1.8 0.0849557592797387
1.85 0.0801961979539744
1.9 0.0757110180680432
1.95 0.0714866431633149
2 0.0675096606638929
2.05 0.0637669244735037
2.1 0.0602456353895099
2.15 0.0569334024645581
2.2 0.0538182881568024
2.25 0.0508888398153881
2.3 0.0481341097596149
2.35 0.0455436659353577
2.4 0.043107594875664
2.45 0.0408164984567541
2.5 0.0386614857271673
