-0.5 2.89168667609806e-13
-0.49 5.25321335417722e-13
-0.48 9.48621751053142e-13
-0.47 1.70276749192234e-12
-0.46 3.03816849112334e-12
-0.45 5.38843431878926e-12
-0.44 9.49964912614985e-12
-0.43 1.66474135802597e-11
-0.42 2.89988120059389e-11
-0.41 5.02120412682032e-11
-0.4 8.64230881296506e-11
-0.39 1.47858371139737e-10
-0.38 2.51452690835399e-10
-0.37 4.25070426171431e-10
-0.36 7.14265587050721e-10
-0.35 1.19303393147478e-09
-0.34 1.98079758608895e-09
-0.33 3.26905052968544e-09
-0.32 5.36287163733743e-09
-0.31 8.74515283229797e-09
-0.3 1.41752797497728e-08
-0.29 2.28396848116587e-08
-0.28 3.6579924714416e-08
-0.27 5.82357591737722e-08
-0.26 9.21575474619775e-08
-0.25 1.44966051127518e-07
-0.24 2.26670990454073e-07
-0.23 3.52305812823775e-07
-0.22 5.44299466266557e-07
-0.21 8.35892139356805e-07
-0.2 1.27601801845693e-06
-0.19 1.936232947757e-06
-0.18 2.92046925130504e-06
-0.17 4.37866684982056e-06
-0.16 6.52567441096934e-06
-0.15 9.66725407518542e-06
-0.14 1.42355777412009e-05
-0.13 2.08372928303069e-05
-0.12 3.03180821719819e-05
-0.11 4.38486664125295e-05
-0.1 6.30384152145581e-05
-0.09 9.00841565203459e-05
-0.08 0.000127963402602642
-0.07 0.000180683034561304
-0.06 0.000253596470751359
-0.05 0.000353804431070236
-0.04 0.00049065650764114
-0.03 0.000676372734085151
-0.02 0.000926806036557618
-0.01 0.00126236762715055
0 0.00170913778984282
0.01 0.00230018378643538
0.02 0.00307710440606934
0.03 0.00409181659575629
0.04 0.00540859322603792
0.05 0.00710635196384865
0.0600000000000001 0.00928118309064761
0.0700000000000001 0.0120490886562341
0.08 0.015548886477365
0.09 0.0199452102519468
0.1 0.0254315117937033
0.11 0.0322329437345266
0.12 0.0406089719785905
0.13 0.0508555380899878
0.14 0.0633065644071909
0.15 0.0783345711204225
0.16 0.0963501572460395
0.17 0.117800089018081
0.18 0.143163742393142
0.19 0.172947663721628
0.2 0.207678046440849
0.21 0.247890973591699
0.22 0.294120346932537
0.23 0.346883513245241
0.24 0.406664705655319
0.25 0.473896539554539
0.26 0.548939934659135
0.27 0.632062971029663
0.28 0.723419320369829
0.29 0.82302701641544
0.3 0.930748430883115
0.31 1.04627239530969
0.32 1.16909944570146
0.33 1.29853115890159
0.34 1.43366449147038
0.35 1.57339192060132
0.36 1.71640802207954
0.37 1.86122290577677
0.38 2.00618267140022
0.39 2.14949675630416
0.4 2.28927173630456
0.41 2.42355082521302
0.42 2.55035801640706
0.43 2.66774553790331
0.44 2.77384306820128
0.45 2.86690699891019
0.46 2.94536794419763
0.47 3.00787469480091
0.48 3.05333289941943
0.49 3.08093692731279
0.5 3.09019361618552
0.51 3.08093692731279
0.52 3.05333289941943
0.53 3.00787469480091
0.54 2.94536794419763
0.55 2.86690699891019
0.56 2.77384306820128
0.57 2.66774553790331
0.58 2.55035801640706
0.59 2.42355082521301
0.6 2.28927173630456
0.61 2.14949675630415
0.62 2.00618267140022
0.63 1.86122290577677
0.64 1.71640802207954
0.65 1.57339192060131
0.66 1.43366449147038
0.67 1.29853115890159
0.68 1.16909944570146
0.69 1.04627239530969
0.7 0.930748430883115
0.71 0.82302701641544
0.72 0.723419320369829
0.73 0.632062971029663
0.74 0.548939934659135
0.75 0.473896539554539
0.76 0.406664705655319
0.77 0.346883513245241
0.78 0.294120346932537
0.79 0.247890973591699
0.8 0.207678046440849
0.81 0.172947663721628
0.82 0.143163742393142
0.83 0.117800089018081
0.84 0.0963501572460393
0.85 0.0783345711204223
0.86 0.0633065644071907
0.87 0.0508555380899876
0.88 0.0406089719785904
0.89 0.0322329437345265
0.9 0.0254315117937032
0.91 0.0199452102519469
0.92 0.015548886477365
0.93 0.0120490886562341
0.94 0.00928118309064761
0.95 0.00710635196384865
0.96 0.00540859322603792
0.97 0.00409181659575629
0.98 0.00307710440606934
0.99 0.00230018378643538
1 0.00170913778984282
1.01 0.00126236762715055
1.02 0.000926806036557618
1.03 0.000676372734085151
1.04 0.00049065650764114
1.05 0.000353804431070236
1.06 0.000253596470751359
1.07 0.000180683034561304
1.08 0.000127963402602642
1.09 9.00841565203454e-05
1.1 6.30384152145579e-05
1.11 4.38486664125293e-05
1.12 3.03180821719817e-05
1.13 2.08372928303068e-05
1.14 1.42355777412008e-05
1.15 9.66725407518533e-06
1.16 6.52567441096931e-06
1.17 4.37866684982056e-06
1.18 2.92046925130504e-06
1.19 1.936232947757e-06
1.2 1.27601801845693e-06
1.21 8.35892139356805e-07
1.22 5.44299466266557e-07
1.23 3.52305812823775e-07
1.24 2.26670990454073e-07
1.25 1.44966051127518e-07
1.26 9.21575474619775e-08
1.27 5.82357591737722e-08
1.28 3.6579924714416e-08
1.29 2.28396848116587e-08
1.3 1.41752797497728e-08
1.31 8.74515283229797e-09
1.32 5.36287163733743e-09
1.33 3.26905052968542e-09
1.34 1.98079758608894e-09
1.35 1.19303393147477e-09
1.36 7.14265587050717e-10
1.37 4.25070426171429e-10
1.38 2.51452690835397e-10
1.39 1.47858371139736e-10
1.4 8.64230881296500e-11
1.41 5.02120412682029e-11
1.42 2.89988120059389e-11
1.43 1.66474135802597e-11
1.44 9.49964912614985e-12
1.45 5.38843431878926e-12
1.46 3.03816849112334e-12
1.47 1.70276749192234e-12
1.48 9.48621751053142e-13
1.49 5.25321335417722e-13
1.5 2.89168667609806e-13
