-2.5 0.0175283004935685
-2.45 0.0198373543917953
-2.4 0.0223945302948429
-2.35 0.0252182199151944
-2.3 0.0283270377416012
-2.25 0.0317396518356674
-2.2 0.0354745928462314
-2.15 0.0395500415893702
-2.1 0.0439835959804272
-2.05 0.0487920185791828
-2 0.0539909665131881
-1.95 0.0595947060688161
-1.9 0.0656158147746766
-1.85 0.072064874336218
-1.8 0.0789501583008942
-1.75 0.0862773188265115
-1.7 0.0940490773768869
-1.65 0.102264924563978
-1.6 0.110920834679456
-1.55 0.120009000696986
-1.5 0.129517595665892
-1.45 0.13943056644536
-1.4 0.149727465635745
-1.35 0.16038332734192
-1.3 0.171368592047807
-1.25 0.182649085389022
-1.2 0.194186054983213
-1.15 0.205936268719975
-1.1 0.217852177032551
-1.05 0.229882140684233
-1 0.241970724519143
-0.95 0.254059056469189
-0.9 0.266085249898755
-0.85 0.277984886130996
-0.8 0.289691552761483
-0.75 0.301137432154804
-0.7 0.312253933366761
-0.65 0.322972359667914
-0.6 0.3332246028918
-0.55 0.342943855019384
-0.5 0.3520653267643
-0.45 0.360526962461648
-0.4 0.368270140303323
-0.35 0.375240346916938
-0.3 0.381387815460524
-0.25 0.386668116802849
-0.2 0.391042693975456
-0.15 0.394479330907889
-0.0999999999999996 0.396952547477012
-0.0499999999999998 0.398443914094764
0 0.398942280401433
0.0500000000000003 0.398443914094764
0.1 0.396952547477012
0.15 0.394479330907889
0.2 0.391042693975456
0.25 0.386668116802849
0.3 0.381387815460524
0.35 0.375240346916938
0.4 0.368270140303323
0.45 0.360526962461648
0.5 0.3520653267643
0.55 0.342943855019384
0.6 0.3332246028918
0.65 0.322972359667914
0.7 0.312253933366761
0.75 0.301137432154804
0.8 0.289691552761483
0.85 0.277984886130996
0.9 0.266085249898755
0.95 0.254059056469189
1 0.241970724519143
1.05 0.229882140684233
1.1 0.217852177032551
1.15 0.205936268719975
1.2 0.194186054983213
1.25 0.182649085389022
1.3 0.171368592047807
1.35 0.16038332734192
1.4 0.149727465635745
1.45 0.13943056644536
1.5 0.129517595665892
1.55 0.120009000696986
1.6 0.110920834679455
1.65 0.102264924563978
1.7 0.0940490773768869
1.75 0.0862773188265115
1.8 0.0789501583008942
1.85 0.0720648743362179
1.9 0.0656158147746766
1.95 0.0595947060688161
2 0.0539909665131881
2.05 0.0487920185791828
2.1 0.0439835959804272
2.15 0.0395500415893702
2.2 0.0354745928462314
2.25 0.0317396518356674
2.3 0.0283270377416011
2.35 0.0252182199151944
2.4 0.0223945302948429
2.45 0.0198373543917953
2.5 0.0175283004935685
