0.005 0.9879
0.015 0.9955
0.025 0.9694
0.035 1.0088
0.045 1.0255
0.055 1.0062
0.065 0.994399999999999
0.075 1.0008
0.085 1.0006
0.095 0.984999999999999
0.105 1.0041
0.115 0.990100000000001
0.125 1.006
0.135 0.998099999999999
0.145 1.0119
0.155 0.998499999999999
0.165 0.992199999999999
0.175 1.0005
0.185 0.999999999999999
0.195 1.004
0.205 1.0232
0.215 1.0053
0.225 1.0107
0.235 0.992100000000002
0.245 1.0028
0.255 1.0014
0.265 0.999299999999999
0.275 0.989999999999999
0.285 0.999000000000005
0.295 1.0079
0.305 1.005
0.315 0.993199999999999
0.325 0.999899999999999
0.335 0.997999999999999
0.345 0.982499999999999
0.355 0.989400000000005
0.365 1.0011
0.375 0.997799999999999
0.385 1.0086
0.395 1.0268
0.405 1.0094
0.415 0.986300000000005
0.425 1.0005
0.435 1.0008
0.445 1.015
0.455 0.983399999999999
0.465 0.993499999999999
0.475 1.0012
0.485 1.0041
0.495 1.0181
0.505 0.996099999999999
0.515 1.0164
0.525 0.983099999999999
0.535 1.0041
0.545 0.998199999999999
0.555 1.0202
0.565 0.997999999999999
0.575 0.98560000000001
0.585 0.989799999999999
0.595 0.986599999999999
0.605 0.996899999999999
0.615 0.982899999999999
0.625 0.992599999999999
0.635 0.998899999999999
0.645 0.998099999999999
0.655 1.0157
0.665 1.0013
0.675 1.0088
0.685 1.001
0.695 1.0114
0.705 0.99910000000001
0.715 0.974399999999999
0.725 1.0109
0.735 0.988299999999999
0.745 1.0163
0.755 0.999999999999999
0.765 1.0104
0.775 0.988699999999999
0.785 0.999899999999999
0.795 1.0034
0.805 0.979099999999999
0.815 1.0084
0.825 1.0099
0.835 0.98720000000001
0.845 0.994899999999999
0.855 1.0057
0.865 0.989599999999999
0.875 1.0141
0.885 0.995699999999999
0.895 0.998699999999999
0.905 1.0101
0.915 0.992799999999999
0.925 0.996399999999999
0.935 0.987599999999999
0.945 1.0035
0.955 1.01270000000001
0.965 1.004
0.975 1.0022
0.985 0.992699999999999
0.995 1.0118
