-0.5 5.57071000560838e-21
-0.49 1.44793357951416e-20
-0.48 3.72749871309358e-20
-0.47 9.50423436953281e-20
-0.46 2.40020062933475e-19
-0.45 6.00355821578648e-19
-0.44 1.4873071997477e-18
-0.43 3.6494162978984e-18
-0.42 8.86904599499962e-18
-0.41 2.13481959317838e-17
-0.4 5.08951297578727e-17
-0.39 1.20177189925962e-16
-0.38 2.81059737700733e-16
-0.37 6.51037494912724e-16
-0.36 1.49363382175193e-15
-0.35 3.39400947140432e-15
-0.34 7.63858179820358e-15
-0.33 1.70271981614035e-14
-0.32 3.75927779985274e-14
-0.31 8.22046572039821e-14
-0.3 1.78040661115785e-13
-0.29 3.81920303569009e-13
-0.28 8.11441225577341e-13
-0.27 1.70754502052995e-12
-0.26 3.55891839993344e-12
-0.25 7.34674000763938e-12
-0.24 1.50211120036311e-11
-0.23 3.04186734622071e-11
-0.22 6.10111526907585e-11
-0.21 1.21201770117424e-10
-0.2 2.38473138811604e-10
-0.19 4.64730040278811e-10
-0.18 8.97000732310208e-10
-0.17 1.71480847753599e-09
-0.16 3.24690228740483e-09
-0.15 6.08910677063308e-09
-0.14 1.13101595778475e-08
-0.13 2.08072482482003e-08
-0.12 3.79132782174383e-08
-0.11 6.84224782122311e-08
-0.1 1.22302978870782e-07
-0.09 2.16524000795414e-07
-0.08 3.79669599487798e-07
-0.07 6.59380923067756e-07
-0.06 1.13422105536597e-06
-0.05 1.93236785826275e-06
-0.04 3.26071377400327e-06
-0.03 5.44962130256777e-06
-0.02 9.02091816022663e-06
-0.01 1.47899237395669e-05
0 2.4016620716009e-05
0.01 3.86267916728238e-05
0.02 6.15313081257766e-05
0.03 9.70810426093765e-05
0.04 0.000151706255347858
0.05 0.000234802825257291
0.0600000000000001 0.000359943156543833
0.0700000000000001 0.000546506455775374
0.08 0.000821840321820701
0.09 0.00122408159140291
0.1 0.0018057767678465
0.11 0.00263844793670238
0.12 0.00381824480352934
0.13 0.00547280258889077
0.14 0.00776938368575854
0.15 0.0109243128448984
0.16 0.015213616382857
0.17 0.0209846420981236
0.18 0.0286682672838956
0.19 0.0387911001023078
0.2 0.0519868520548348
0.21 0.0690058194924701
0.22 0.0907211795066453
0.23 0.118130605837278
0.24 0.152351574709875
0.25 0.194608693318566
0.26 0.246211480022408
0.27 0.308521286668555
0.28 0.382906502856692
0.29 0.470685828897513
0.3 0.573060239674763
0.31 0.691035254160193
0.32 0.825336219013217
0.33 0.976320429564374
0.34 1.14389094718806
0.35 1.32741781488888
0.36 1.5256729059327
0.37 1.73678475608177
0.38 1.95821934435325
0.39 2.18679185307108
0.4 2.41871295648231
0.41 2.64967121510528
0.42 2.87495080422572
0.43 3.08958124568173
0.44 3.28851324863676
0.45 3.4668124259043
0.46 3.61986076550119
0.47 3.74355450516024
0.48 3.83448663413145
0.49 3.89010271641279
0.5 3.90882009522336
0.51 3.89010271641279
0.52 3.83448663413145
0.53 3.74355450516024
0.54 3.61986076550119
0.55 3.4668124259043
0.56 3.28851324863676
0.57 3.08958124568172
0.58 2.87495080422572
0.59 2.64967121510527
0.6 2.41871295648231
0.61 2.18679185307108
0.62 1.95821934435325
0.63 1.73678475608177
0.64 1.52567290593269
0.65 1.32741781488888
0.66 1.14389094718807
0.67 0.976320429564374
0.68 0.825336219013217
0.69 0.691035254160193
0.7 0.573060239674763
0.71 0.470685828897513
0.72 0.382906502856692
0.73 0.308521286668555
0.74 0.246211480022408
0.75 0.194608693318566
0.76 0.152351574709875
0.77 0.118130605837278
0.78 0.0907211795066453
0.79 0.0690058194924701
0.8 0.0519868520548346
0.81 0.0387911001023077
0.82 0.0286682672838955
0.83 0.0209846420981235
0.84 0.0152136163828569
0.85 0.0109243128448983
0.86 0.0077693836857585
0.87 0.00547280258889075
0.88 0.00381824480352933
0.89 0.00263844793670238
0.9 0.00180577676784649
0.91 0.00122408159140292
0.92 0.000821840321820704
0.93 0.000546506455775374
0.94 0.000359943156543833
0.95 0.000234802825257291
0.96 0.000151706255347858
0.97 9.70810426093765e-05
0.98 6.15313081257766e-05
0.99 3.86267916728238e-05
1 2.4016620716009e-05
1.01 1.47899237395669e-05
1.02 9.02091816022663e-06
1.03 5.44962130256777e-06
1.04 3.26071377400327e-06
1.05 1.93236785826275e-06
1.06 1.13422105536597e-06
1.07 6.59380923067756e-07
1.08 3.79669599487798e-07
1.09 2.16524000795413e-07
1.1 1.22302978870781e-07
1.11 6.84224782122304e-08
1.12 3.79132782174381e-08
1.13 2.08072482482002e-08
1.14 1.13101595778474e-08
1.15 6.08910677063298e-09
1.16 3.24690228740477e-09
1.17 1.71480847753599e-09
1.18 8.97000732310208e-10
1.19 4.64730040278811e-10
1.2 2.38473138811604e-10
1.21 1.21201770117424e-10
1.22 6.10111526907585e-11
1.23 3.04186734622071e-11
1.24 1.50211120036311e-11
1.25 7.34674000763938e-12
1.26 3.55891839993344e-12
1.27 1.70754502052995e-12
1.28 8.11441225577341e-13
1.29 3.81920303569009e-13
1.3 1.78040661115785e-13
1.31 8.22046572039821e-14
1.32 3.75927779985274e-14
1.33 1.70271981614033e-14
1.34 7.63858179820358e-15
1.35 3.39400947140432e-15
1.36 1.49363382175193e-15
1.37 6.51037494912724e-16
1.38 2.81059737700728e-16
1.39 1.20177189925961e-16
1.4 5.08951297578719e-17
1.41 2.13481959317835e-17
1.42 8.86904599499962e-18
1.43 3.6494162978984e-18
1.44 1.4873071997477e-18
1.45 6.00355821578648e-19
1.46 2.40020062933475e-19
1.47 9.50423436953281e-20
1.48 3.72749871309358e-20
1.49 1.44793357951416e-20
1.5 5.57071000560838e-21
