0 0.000982895205969885
0.2 0.00136461485203942
0.4 0.00187494731896873
0.6 0.00254943618077462
0.8 0.00343064136008
1 0.00456859429034096
1.2 0.00602096309536901
1.4 0.00785281627926322
1.6 0.0101358694436753
1.8 0.0129471052345215
2 0.0163666745719641
2.2 0.02047501909783
2.4 0.0253492014649429
2.6 0.0310584908754858
2.8 0.0376593236041781
3 0.0451898375748295
3.2 0.0536642599224021
3.4 0.0630674988070544
3.6 0.0733503465469515
3.8 0.084425731366194
4 0.0961664517534095
4.2 0.108404784896645
4.4 0.120934276565185
4.6 0.133513896022254
4.8 0.145874582584769
5 0.157728031328151
5.2 0.168777378993169
5.4 0.17872927470477
5.6 0.187306671687558
5.8 0.194261572444607
6 0.199386914129752
6.2 0.202526801149466
6.4 0.20358437995955
6.6 0.202526801149466
6.8 0.199386914129752
7 0.194261572444607
7.2 0.187306671687558
7.4 0.17872927470477
7.6 0.168777378993169
7.8 0.157728031328151
8 0.145874582584769
8.2 0.133513896022254
8.4 0.120934276565185
8.6 0.108404784896645
8.8 0.0961664517534095
9 0.0844257313661941
9.2 0.0733503465469515
9.4 0.0630674988070544
9.6 0.053664259922402
9.8 0.0451898375748295
10 0.0376593236041781
10.2 0.0310584908754857
10.4 0.0253492014649429
10.6 0.0204750190978299
10.8 0.0163666745719641
11 0.0129471052345215
11.2 0.0101358694436753
11.4 0.00785281627926322
11.6 0.00602096309536901
11.8 0.00456859429034096
12 0.00343064136008
12.2 0.00254943618077462
12.4 0.00187494731896873
12.6 0.00136461485203942
12.8 0.000982895205969885
13 0.000700616625923168
13.2 0.000494230747397911
13.4 0.000345028667618801
13.6 0.000238372801606044
13.8 0.000162980002319919
14 0.000110277785817174
14.2 7.38444490874515e-05
14.4 4.89354708180684e-05
14.6 3.20926652815985e-05
14.8 2.08287832758102e-05
15 1.33782132661535e-05
15.2 8.50370973865992e-06
15.4 5.34927395022314e-06
15.6 3.33010058128552e-06
15.8 2.05161545187536e-06
16 1.25086566229213e-06
16.2 7.54747145934605e-07
16.4 4.50680105374682e-07
16.6 2.66324667878193e-07
16.8 1.55750876787907e-07
17 9.01416919298048e-08
17.2 5.16293918822267e-08
17.4 2.92647226968671e-08
17.6 1.64160216382759e-08
17.8 9.11312899477115e-09
18 5.00660373046206e-09
18.2 2.72204323354083e-09
18.4 1.4646131123253e-09
18.6 7.79878443670265e-10
18.8 4.10967060325382e-10
19 2.14320251652057e-10
19.2 1.10610283734542e-10
19.4 5.64942049757241e-11
19.6 2.85554096902968e-11
19.8 1.42839719513727e-11
20 7.07107886661643e-12
