0.01 2.09055619042191e-74
0.06 1.81645447867326e-34
0.11 1.83401017713831e-24
0.16 3.63872700825992e-19
0.21 9.5804776314551e-16
0.26 2.61567267190559e-13
0.31 1.81405912857403e-11
0.36 5.08640390205752e-10
0.41 7.5483087653978e-09
0.46 7.01890674578043e-08
0.51 4.57434444574434e-07
0.56 2.25840919428343e-06
0.61 8.93272697811069e-06
0.66 2.95027255411327e-05
0.71 8.39622418264704e-05
0.76 0.000210968309891371
0.81 0.00047707810412573
0.86 0.000985971088833763
0.91 0.00188557784478547
0.96 0.00337103661730788
1.01 0.00568194068873776
1.06 0.00909327211393573
1.11 0.0139004898203562
1.16 0.020400198137269
1.21 0.0288684784543735
1.26 0.0395392347791689
1.31 0.0525847927220073
1.36 0.0681005802193232
1.41 0.0860951220889308
1.46 0.106485918567302
1.51 0.129101151580985
1.56 0.153686643184093
1.61 0.179917117475263
1.66 0.207410600733223
1.71 0.235744723026611
1.76 0.264473732859118
1.81 0.293145172645898
1.86 0.321315354328453
1.91 0.348562991735904
1.96 0.374500565328965
2.01 0.39878319795924
2.06 0.421114995661479
2.11 0.44125294912475
2.16 0.459008597585752
2.21 0.474247728900738
2.26 0.486888431068624
2.31 0.49689782629541
2.36 0.504287814084806
2.41 0.509110130025075
2.46 0.511450996706633
2.51 0.511425606700795
2.56 0.509172638175715
2.61 0.504848964194087
2.66 0.498624679001955
2.71 0.49067853003254
2.76 0.481193813744002
2.81 0.470354767194506
2.86 0.458343465516027
2.91 0.445337218026793
2.96 0.431506442305438
3.01 0.417012985721494
3.06 0.402008857208997
3.11 0.386635328000297
3.16 0.371022358135922
3.21 0.355288305394579
3.26 0.339539874448385
3.31 0.323872266193807
3.36 0.308369490040118
3.41 0.293104805205432
3.46 0.278141260572497
3.51 0.263532306231398
3.56 0.249322453360342
3.61 0.235547962476996
3.66 0.222237543266592
3.71 0.209413052117066
3.76 0.197090176141407
3.81 0.185279094833275
3.86 0.173985112584704
3.91 0.163209257103319
3.96 0.152948840315882
4.01 0.143197979653619
4.06 0.133948078703712
4.11 0.125188267102398
4.16 0.116905800260588
4.21 0.109086420074151
4.26 0.101714678198791
4.31 0.0947742237826751
4.36 0.0882480577665152
4.41 0.0821187559963984
4.46 0.0763686634636428
4.51 0.0709800620009427
4.56 0.0659353137359644
4.61 0.061216982541964
4.66 0.0568079356380118
4.71 0.0526914273859132
4.76 0.0488511672127067
4.81 0.0452713734614303
4.86 0.0419368148425932
4.91 0.0388328410275968
4.96 0.0359454037956793
5.01 0.0332610700197387
5.06 0.0307670276550361
5.11 0.0284510857793485
5.16 0.0263016696243241
5.21 0.0243078114360313
5.26 0.0224591379082023
5.31 0.0207458548444996
5.36 0.0191587296261737
5.41 0.0176890719885448
5.46 0.016328713543547
5.51 0.0150699864257859
5.56 0.0139057013858147
5.61 0.0128291256062302
5.66 0.0118339604733325
5.71 0.0109143194990692
5.76 0.0100647065544032
5.81 0.00927999454571554
5.86 0.00855540464000681
5.91 0.00788648612214837
5.96 0.00726909694792051
6.01 0.0066993850397512
6.06 0.00617377035765287
6.11 0.00568892776557598
6.16 0.00524177070301814
6.21 0.00482943566302239
6.26 0.00444926747046715
6.31 0.00409880534861071
6.36 0.00377576975703996
6.41 0.00347804998033973
6.46 0.00320369244381167
6.51 0.00295088973031368
6.56 0.00271797027065667
6.61 0.00250338867889236
6.66 0.00230571670317186
6.71 0.00212363476257823
6.76 0.00195592404037284
6.81 0.00180145910439135
6.86 0.00165920102583128
6.91 0.00152819096834848
6.96 0.00140754422018803
7.01 0.00129644464298564
7.06 0.00119413951186186
7.11 0.00109993472247082
7.16 0.00101319034173913
7.21 0.000933316480122874
7.26 0.000859769464307534
7.31 0.000792048290367543
7.36 0.000729691338478334
7.41 0.0006722733313284
7.46 0.000619402519405559
7.51 0.000570718077326039
7.56 0.000525887696333983
7.61 0.000484605359019844
7.66 0.000446589283187641
7.71 0.000411580022641706
7.76 0.000379338713463627
7.81 0.000349645455108959
7.86 0.000322297816371907
7.91 0.000297109456944861
7.96 0.000273908855939817
