0 0.00141672776708672
0.2 0.00196624887025965
0.4 0.00269876501762477
0.6 0.00366324667197711
0.8 0.00491747047645031
1 0.00652817614846069
1.2 0.00857070354391961
1.4 0.01112796082435
1.6 0.0142885845343709
1.8 0.0181441795448601
2 0.0227855736448501
2.2 0.0282980887629602
2.4 0.0347559167271384
2.6 0.0422157877126289
2.8 0.0507102267257932
3 0.0602407975560604
3.2 0.0707718224974497
3.4 0.082225126797825
3.6 0.0944763768708159
3.8 0.107353550820937
4 0.120637992956911
4.2 0.134068360526042
4.4 0.147347577336478
4.6 0.160152678494161
4.8 0.172147182489093
5 0.182995385039042
5.2 0.192377759061747
5.4 0.200006491405023
5.6 0.205640109737123
5.8 0.209096165362032
6 0.21026104350168
6.2 0.209096165362032
6.4 0.205640109737123
6.6 0.200006491405023
6.8 0.192377759061747
7 0.182995385039042
7.2 0.172147182489093
7.4 0.160152678494161
7.6 0.147347577336478
7.8 0.134068360526041
8 0.120637992956911
8.2 0.107353550820937
8.4 0.0944763768708159
8.6 0.082225126797825
8.8 0.0707718224974497
9 0.0602407975560604
9.2 0.0507102267257932
9.4 0.0422157877126289
9.6 0.0347559167271383
9.8 0.0282980887629602
10 0.0227855736448501
10.2 0.0181441795448601
10.4 0.0142885845343709
10.6 0.01112796082435
10.8 0.0085707035439196
11 0.00652817614846069
11.2 0.00491747047645031
11.4 0.00366324667197711
11.6 0.00269876501762476
11.8 0.00196624887025965
12 0.00141672776708672
12.2 0.0010095058302698
12.4 0.000711386735092727
12.6 0.0004957665259176
12.8 0.000341682819990001
13 0.000232886112489878
13.2 0.000156977911132826
13.4 0.000104642475682364
13.6 6.8984571614576e-05
13.8 4.49749245406471e-05
14 2.89976912033537e-05
14.2 1.84897442432934e-05
14.4 1.16593111604467e-05
14.6 7.27092035490868e-06
14.8 4.48415264362181e-06
15 2.73492797788121e-06
15.2 1.64962756866304e-06
15.4 9.8401206562242e-07
15.6 5.80482921867356e-07
15.8 3.38651478705213e-07
16 1.95384906424045e-07
16.2 1.11481692100534e-07
16.4 6.29057867568354e-08
16.6 3.51036398826303e-08
16.8 1.93726132588382e-08
17 1.05730131496986e-08
17.2 5.70668422464038e-09
17.4 3.04609481290951e-09
17.6 1.60796835706633e-09
17.8 8.39433089971825e-10
18 4.33380311471198e-10
18.2 2.21272160156216e-10
18.4 1.11727190906026e-10
18.6 5.57911726140969e-11
18.8 2.75515860671504e-11
19 1.34555739163167e-11
19.2 6.49878775314886e-12
19.4 3.10410916582194e-12
19.6 1.4662773459911e-12
19.8 6.84967189774034e-13
20 3.16444767710682e-13
