0 0
0.05 0.000937485351676941
0.1 0.00374953127929566
0.15 0.00843394118042879
0.2 0.0149850074975006
0.25 0.0233917683072065
0.3 0.0336362857507353
0.35 0.0456919622630547
0.4 0.0595219148902237
0.45 0.0750774320689033
0.5 0.092296540969257
0.55 0.111102716740805
0.6 0.131403767605786
0.65 0.153090931561839
0.7 0.176038221327242
0.75 0.200102053932421
0.8 0.225121199887375
0.85 0.25091708401197
0.9 0.277294465710985
0.95 0.3040425206533
1 0.330936338469223
1.05 0.357738842263715
1.1 0.384203125573691
1.15 0.410075191063082
1.2 0.435097063011679
1.25 0.459010232848136
1.3 0.481559384007414
1.35 0.502496329722177
1.4 0.521584085496753
1.45 0.538600987501319
1.5 0.553344759510329
1.55 0.565636424823238
1.6 0.575323956331717
1.65 0.58228555794673
1.7 0.586432474278247
1.75 0.587711232948301
1.8 0.586105235239878
1.85 0.581635625796081
1.9 0.574361390463503
1.95 0.564378652618867
2 0.551819161757164
2.05 0.536847992931456
2.1 0.519660500878771
2.15 0.500478597323016
2.2 0.479546442963052
2.25 0.457125666001222
2.3 0.433490235791246
2.35 0.408921132462053
2.4 0.383700960565491
2.45 0.358108656484322
2.5 0.332414435360959
2.55 0.3068751137777
2.6 0.281729929719826
2.65 0.257196962126686
2.7 0.233470229452942
2.75 0.210717521174543
2.8 0.189078989258108
2.85 0.168666499503269
2.9 0.149563716589199
2.95 0.131826872753175
3 0.115486149301873
3.05 0.100547583409374
3.1 0.0869954004575177
3.15 0.0747946648308232
3.2 0.0638941396290187
3.25 0.054229247986998
3.3 0.045725035146002
3.35 0.0382990404613522
3.4 0.031864001380836
3.45 0.0263303262188389
3.5 0.0216082883924663
3.55 0.0176099108132704
3.6 0.0142505245547177
3.65 0.0114500000705201
3.7 0.0091336615962086
3.75 0.00723290555982672
3.8 0.00568555165500601
3.85 0.00443596064434489
3.9 0.00343495605483977
3.95 0.00263958790609146
4 0.00201277576741507
4.05 0.00152286611788011
4.1 0.00114313555478241
4.15 0.000851267230303528
4.2 0.000628823337977989
4.25 0.000460731823437121
4.3 0.000334801008330819
4.35 0.000241271684508717
4.4 0.000172412590585437
4.45 0.000122162102562531
4.5 8.58164830776423e-05
