-0.5 0.00342557750011027
-0.49 0.00386001114458773
-0.48 0.0043443235880966
-0.47 0.0048835385542423
-0.46 0.0054830969087667
-0.45 0.00614888073330879
-0.44 0.0068872375650253
-0.43 0.00770500463763617
-0.42 0.00860953293938465
-0.41 0.00960871088276479
-0.4 0.0107109873598383
-0.39 0.011925393935729
-0.38 0.0132615659116705
-0.37 0.014729761968024
-0.36 0.0163408820772628
-0.35 0.0181064833573152
-0.34 0.0200387935171931
-0.33 0.0221507215298457
-0.32 0.0244558651520159
-0.31 0.0269685148979198
-0.3 0.0297036540631912
-0.29 0.0326769543881381
-0.28 0.0359047669453216
-0.27 0.0394041078362088
-0.26 0.0431926382855309
-0.25 0.0472886387303944
-0.24 0.0517109765144774
-0.23 0.0564790668161456
-0.22 0.06161282646332
-0.21 0.0671326203176864
-0.2 0.0730591999465549
-0.19 0.0794136343425103
-0.18 0.0862172324990273
-0.17 0.0934914577044751
-0.16 0.101257833477351
-0.15 0.109537841132017
-0.14 0.118352809036438
-0.13 0.127723793701136
-0.12 0.137671452921313
-0.11 0.14821591128145
-0.1 0.159376618422897
-0.09 0.171172200569485
-0.08 0.183620305903079
-0.07 0.196737444479455
-0.06 0.210538823473825
-0.05 0.225038178643849
-0.04 0.240247602994718
-0.03 0.25617737372488
-0.02 0.272835778620786
-0.01 0.290228943153473
0 0.308360659607539
0.01 0.327232219642751
0.02 0.346842251748953
0.03 0.367186565104688
0.04 0.388258001387965
0.05 0.410046296112596
0.0600000000000001 0.432537951074518
0.0700000000000001 0.455716119488513
0.08 0.479560505375946
0.09 0.504047278727847
0.1 0.529149007914385
0.11 0.554834610741178
0.12 0.581069325464821
0.13 0.607814702974569
0.14 0.635028621224521
0.15 0.662665322861574
0.16 0.69067547683937
0.17 0.719006264638642
0.18 0.747601491530814
0.19 0.776401723125912
0.2 0.805344447239435
0.21 0.834364260897614
0.22 0.86339308207846
0.23 0.892360385559405
0.24 0.92119346201341
0.25 0.949817699266618
0.26 0.978156884404484
0.27 1.00613352519239
0.28 1.03366918906359
0.29 1.06068485772464
0.3 1.08710129523858
0.31 1.1128394272717
0.32 1.13782072903305
0.33 1.16196761929884
0.34 1.18520385779916
0.35 1.20745494315292
0.36 1.22864850847109
0.37 1.2487147117086
0.38 1.26758661783326
0.39 1.28520056989606
0.4 1.30149654613184
0.41 1.31641850029204
0.42 1.32991468251265
0.43 1.34193793814876
0.44 1.35244598216224
0.45 1.36140164682887
0.46 1.36877310073467
0.47 1.37453403725587
0.48 1.37866383096085
0.49 1.38114766063265
0.5 1.38197659788534
0.51 1.38114766063265
0.52 1.37866383096085
0.53 1.37453403725587
0.54 1.36877310073467
0.55 1.36140164682887
0.56 1.35244598216224
0.57 1.34193793814876
0.58 1.32991468251265
0.59 1.31641850029204
0.6 1.30149654613184
0.61 1.28520056989605
0.62 1.26758661783325
0.63 1.2487147117086
0.64 1.22864850847109
0.65 1.20745494315292
0.66 1.18520385779916
0.67 1.16196761929884
0.68 1.13782072903305
0.69 1.1128394272717
0.7 1.08710129523858
0.71 1.06068485772464
0.72 1.03366918906359
0.73 1.00613352519239
0.74 0.978156884404484
0.75 0.949817699266618
0.76 0.92119346201341
0.77 0.892360385559405
0.78 0.86339308207846
0.79 0.834364260897614
0.8 0.805344447239435
0.81 0.776401723125911
0.82 0.747601491530814
0.83 0.719006264638642
0.84 0.690675476839369
0.85 0.662665322861573
0.86 0.63502862122452
0.87 0.607814702974568
0.88 0.581069325464821
0.89 0.554834610741177
0.9 0.529149007914385
0.91 0.504047278727848
0.92 0.479560505375946
0.93 0.455716119488513
0.94 0.432537951074518
0.95 0.410046296112596
0.96 0.388258001387965
0.97 0.367186565104688
0.98 0.346842251748953
0.99 0.327232219642751
1 0.308360659607539
1.01 0.290228943153473
1.02 0.272835778620786
1.03 0.25617737372488
1.04 0.240247602994718
1.05 0.225038178643849
1.06 0.210538823473825
1.07 0.196737444479455
1.08 0.183620305903079
1.09 0.171172200569484
1.1 0.159376618422897
1.11 0.14821591128145
1.12 0.137671452921312
1.13 0.127723793701136
1.14 0.118352809036438
1.15 0.109537841132017
1.16 0.101257833477351
1.17 0.0934914577044751
1.18 0.0862172324990273
1.19 0.0794136343425103
1.2 0.0730591999465549
1.21 0.0671326203176864
1.22 0.06161282646332
1.23 0.0564790668161456
1.24 0.0517109765144774
1.25 0.0472886387303944
1.26 0.0431926382855309
1.27 0.0394041078362088
1.28 0.0359047669453216
1.29 0.0326769543881381
1.3 0.0297036540631912
1.31 0.0269685148979198
1.32 0.0244558651520159
1.33 0.0221507215298456
1.34 0.0200387935171931
1.35 0.0181064833573151
1.36 0.0163408820772628
1.37 0.014729761968024
1.38 0.0132615659116705
1.39 0.011925393935729
1.4 0.0107109873598382
1.41 0.00960871088276478
1.42 0.00860953293938465
1.43 0.00770500463763617
1.44 0.0068872375650253
1.45 0.00614888073330879
1.46 0.0054830969087667
1.47 0.0048835385542423
1.48 0.0043443235880966
1.49 0.00386001114458773
1.5 0.00342557750011027
