0 0.00296408063404798
0.2 0.00411027521460187
0.4 0.00562709066356174
0.6 0.00760552231511329
0.8 0.0101486038297039
1 0.0133695157049864
1.2 0.017388301991106
1.4 0.0223270217096222
1.6 0.0283032649695595
1.8 0.0354221079050774
2 0.0437667590669722
2.2 0.0533883497431132
2.4 0.0642955221247196
2.6 0.0764446470940666
2.8 0.0897316295546563
3 0.103986306190394
3.2 0.118970385862296
3.4 0.134379713521496
3.6 0.14985135477715
3.8 0.164975615934441
4 0.179312665031403
4.2 0.192412948258953
4.4 0.203840156940322
4.6 0.213195148664204
4.8 0.220139011932555
5 0.224413422844347
5.2 0.225856591023908
5.4 0.224413422844347
5.6 0.220139011932555
5.8 0.213195148664203
6 0.203840156940322
6.2 0.192412948258953
6.4 0.179312665031403
6.6 0.164975615934441
6.8 0.14985135477715
7 0.134379713521496
7.2 0.118970385862296
7.4 0.103986306190394
7.6 0.0897316295546563
7.8 0.0764446470940666
8 0.0642955221247196
8.2 0.0533883497431131
8.4 0.0437667590669722
8.6 0.0354221079050775
8.8 0.0283032649695595
9 0.0223270217096222
9.2 0.017388301991106
9.4 0.0133695157049864
9.6 0.0101486038297039
9.8 0.00760552231511328
10 0.00562709066356174
10.2 0.00411027521460186
10.4 0.00296408063404798
10.6 0.00211028565911196
10.8 0.0014832849948326
11 0.00102929551667823
11.2 0.00070516001918077
11.4 0.000476944014315669
11.6 0.000318477860157355
11.8 0.000209953545235024
12 0.000136646747935195
12.2 8.78026270718212e-05
12.4 5.56990569637243e-05
12.6 3.48835195405047e-05
12.8 2.15687448143225e-05
13 1.31662340251391e-05
13.2 7.93469778906241e-06
13.4 4.72097099730414e-06
13.6 2.77309275707848e-06
13.8 1.60816121092967e-06
14 9.20718545184733e-07
14.2 5.20422807250135e-07
14.4 2.90414217105887e-07
14.6 1.59996892404707e-07
14.8 8.70236598168578e-08
15 4.67299441620323e-08
15.2 2.47733821703551e-08
15.4 1.29660432157671e-08
15.6 6.69979862180165e-09
15.8 3.41781188436101e-09
16 1.72134009165769e-09
16.2 8.55888782562498e-10
16.4 4.20145877875986e-10
16.6 2.03617453383558e-10
16.8 9.74231164505906e-11
17 4.6019421675052e-11
17.2 2.14611216938887e-11
17.4 9.88088397833725e-12
17.6 4.49129213414961e-12
17.8 2.0154820337728e-12
18 8.92932602036658e-13
18.2 3.90562507722469e-13
18.4 1.68653183502985e-13
18.6 7.19002926643172e-14
18.8 3.02620883573097e-14
19 1.2574746937949e-14
19.2 5.15859858493543e-15
19.4 2.08927851175753e-15
19.6 8.35397290756365e-16
19.8 3.29778174358875e-16
20 1.28523598991542e-16
