0 0.029847065169838
0.2 0.0411619829801278
0.4 0.0554307300928746
0.6 0.072889431693432
0.8 0.0935918829022918
1 0.117346856527468
1.2 0.143669437409853
1.4 0.171758001097267
1.6 0.200506851954319
1.8 0.228560467069309
2 0.254409114584566
2.2 0.276518296877076
2.4 0.293477448967014
2.6 0.304148201383393
2.8 0.307790651537286
3 0.304148201383393
3.2 0.293477448967014
3.4 0.276518296877076
3.6 0.254409114584566
3.8 0.228560467069309
4 0.200506851954319
4.2 0.171758001097267
4.4 0.143669437409853
4.6 0.117346856527468
4.8 0.0935918829022917
5 0.0728894316934321
5.2 0.0554307300928746
5.4 0.0411619829801278
5.6 0.029847065169838
5.8 0.0211332667153258
6 0.0146113818161471
6.2 0.00986451188318637
6.4 0.00650308703049154
6.6 0.00418623097908188
6.8 0.00263139753494647
7 0.00161513710703794
7.2 0.000968037054656018
7.4 0.00056654475524793
7.6 0.000323769638589251
7.8 0.000180674837466069
8 9.84507162606004e-05
8.2 5.23841308706846e-05
8.4 2.72170004531057e-05
8.6 1.38083069801922e-05
8.8 6.84069554114328e-06
9 3.30917507930927e-06
9.2 1.56314362462978e-06
9.4 7.21004005500307e-07
9.6 3.24740254261915e-07
9.8 1.428217106482e-07
10 6.13355112893427e-08
10.2 2.57210920955602e-08
10.4 1.05323788947139e-08
10.6 4.21136806048028e-09
10.8 1.64429440556992e-09
11 6.26896167039558e-10
11.2 2.33384121442786e-10
11.4 8.48411703262451e-11
11.6 3.01163025591843e-11
11.8 1.04389377466588e-11
12 3.53321950208568e-12
12.2 1.16773577455284e-12
12.4 3.76858406161682e-13
12.6 1.18760354115478e-13
12.8 3.65447012517414e-14
13 1.09808763996264e-14
13.2 3.22187914429744e-15
13.4 9.23083829745021e-16
13.6 2.58245460442661e-16
13.8 7.05478696886304e-17
14 1.88189230843547e-17
14.2 4.90190946238252e-18
14.4 1.24679616915115e-18
14.6 3.09660127300576e-19
14.8 7.50991068447488e-20
15 1.77845921936162e-20
15.2 4.11256434042789e-21
15.4 9.28626675680144e-22
15.6 2.04752521984119e-22
15.8 4.40835966110499e-23
16 9.26796606279512e-24
16.2 1.90261757949343e-24
16.4 3.8139784133612e-25
16.6 7.46559818225004e-26
16.8 1.42695621475345e-26
17 2.66327699886853e-27
17.2 4.85379784642395e-28
17.4 8.63787044738696e-29
17.6 1.50103681065649e-29
17.8 2.54703935050162e-30
18 4.22026402391003e-31
18.2 6.82815300102351e-32
18.4 1.07876418987403e-32
18.6 1.66421508402439e-33
18.8 2.50698676867296e-34
19 3.68768897472726e-35
19.2 5.29683181069445e-36
19.4 7.42912621081526e-37
19.6 1.01746374969792e-37
19.8 1.36069192936126e-38
20 1.77688911877323e-39
