0.005 0
0.015 0
0.025 0
0.035 0
0.045 0
0.055 0
0.065 0
0.075 0
0.085 0
0.095 0
0.105 0
0.115 0
0.125 0
0.135 0
0.145 0
0.155 0
0.165 0
0.175 0
0.185 0
0.195 9.99999999999999e-05
0.205 0
0.215 3e-04
0.225 0.000699999999999999
0.235 0.0026
0.245 0.0023
0.255 0.00649999999999999
0.265 0.0119
0.275 0.0196
0.285 0.0345000000000002
0.295 0.0569
0.305 0.0941999999999999
0.315 0.134
0.325 0.2118
0.335 0.3155
0.345 0.4521
0.355 0.598900000000003
0.365 0.824799999999999
0.375 1.1069
0.385 1.4388
0.395 1.803
0.405 2.2431
0.415 2.68220000000001
0.425 3.2555
0.435 3.7519
0.445 4.2168
0.455 4.7175
0.465 5.0652
0.475 5.48090000000003
0.485 5.69
0.495 5.77429999999999
0.505 5.80109999999999
0.515 5.693
0.525 5.4613
0.535 5.0989
0.545 4.7045
0.555 4.2364
0.565 3.7505
0.575 3.22050000000003
0.585 2.6724
0.595 2.2611
0.605 1.8113
0.615 1.4333
0.625 1.1186
0.635 0.825899999999999
0.645 0.605499999999999
0.655 0.4257
0.665 0.3077
0.675 0.213
0.685 0.1365
0.695 0.0927999999999999
0.705 0.0607000000000006
0.715 0.034
0.725 0.0193
0.735 0.0108
0.745 0.00619999999999999
0.755 0.0022
0.765 0.002
0.775 0.0012
0.785 4e-04
0.795 9.99999999999999e-05
0.805 2e-04
0.815 9.99999999999999e-05
0.825 0
0.835 0
0.845 0
0.855 0
0.865 0
0.875 0
0.885 0
0.895 0
0.905 0
0.915 0
0.925 0
0.935 0
0.945 0
0.955 0
0.965 0
0.975 0
0.985 0
0.995 0
