-2.5 0.00096844912161811
-2.45 0.00124668956435108
-2.4 0.00159670266640263
-2.35 0.00203457633510692
-2.3 0.00257933730146666
-2.25 0.00325331788468469
-2.2 0.00408252708196444
-2.15 0.00509701439223784
-2.1 0.00633121201705429
-2.05 0.00782423825116574
-2 0.00962014210747178
-1.95 0.0117680666729783
-1.9 0.0143223065476978
-1.85 0.017342233181852
-1.8 0.0208920612170458
-1.75 0.0250404292765265
-1.7 0.0298597702511288
-1.65 0.0354254491794368
-1.6 0.0418146514702296
-1.55 0.0491050105507781
-1.5 0.057372972058433
-1.45 0.0666919013461106
-1.4 0.0771299521616972
-1.35 0.0887477265922247
-1.3 0.101595769327276
-1.25 0.115711952475298
-1.2 0.131118819948726
-1.15 0.147820972132718
-1.1 0.165802581437224
-1.05 0.18502513666556
-1 0.205425518212669
-0.95 0.226914506313081
-0.9 0.249375820402
-0.85 0.272665778817013
-0.8 0.296613654450287
-0.75 0.321022783703097
-0.7 0.345672463598776
-0.65 0.370320645843676
-0.6 0.39470740790643
-0.55 0.41855915095176
-0.5 0.441593444027238
-0.45 0.463524404681808
-0.4 0.484068479652554
-0.35 0.502950466806142
-0.3 0.519909602450691
-0.25 0.534705527520528
-0.2 0.547123942777446
-0.15 0.556981767524714
-0.0999999999999996 0.564131628471802
-0.0499999999999998 0.568465524998126
0 0.569917543430618
0.0500000000000003 0.568465524998126
0.1 0.564131628471802
0.15 0.556981767524713
0.2 0.547123942777446
0.25 0.534705527520528
0.3 0.519909602450691
0.35 0.502950466806142
0.4 0.484068479652554
0.45 0.463524404681808
0.5 0.441593444027238
0.55 0.41855915095176
0.6 0.39470740790643
0.65 0.370320645843676
0.7 0.345672463598776
0.75 0.321022783703097
0.8 0.296613654450286
0.85 0.272665778817013
0.9 0.249375820402
0.95 0.226914506313081
1 0.205425518212669
1.05 0.18502513666556
1.1 0.165802581437224
1.15 0.147820972132718
1.2 0.131118819948726
1.25 0.115711952475298
1.3 0.101595769327276
1.35 0.0887477265922246
1.4 0.0771299521616972
1.45 0.0666919013461106
1.5 0.057372972058433
1.55 0.0491050105507781
1.6 0.0418146514702296
1.65 0.0354254491794368
1.7 0.0298597702511288
1.75 0.0250404292765265
1.8 0.0208920612170458
1.85 0.017342233181852
1.9 0.0143223065476978
1.95 0.0117680666729783
2 0.00962014210747178
2.05 0.00782423825116574
2.1 0.00633121201705428
2.15 0.00509701439223783
2.2 0.00408252708196444
2.25 0.00325331788468469
2.3 0.00257933730146665
2.35 0.00203457633510692
2.4 0.00159670266640263
2.45 0.00124668956435108
2.5 0.00096844912161811
