-0.5 2.57566048279567e-31
-0.49 1.07930887571997e-30
-0.48 4.45809215423656e-30
-0.47 1.81509137973457e-29
-0.46 7.28440537713576e-29
-0.45 2.88161448001024e-28
-0.44 1.12363124907033e-27
-0.43 4.31874835407596e-27
-0.42 1.63620663370993e-26
-0.41 6.11032849003684e-26
-0.4 2.24924688281015e-25
-0.39 8.16123447662966e-25
-0.38 2.91891026130272e-24
-0.37 1.02903889548878e-23
-0.36 3.57592990441815e-23
-0.35 1.22487667131671e-22
-0.34 4.13563201678915e-22
-0.33 1.37637752978874e-21
-0.32 4.51522522550816e-21
-0.31 1.46004897030747e-20
-0.3 4.65373431809628e-20
-0.29 1.46211626599529e-19
-0.28 4.52802056880052e-19
-0.27 1.38223228552959e-18
-0.26 4.15910451579943e-18
-0.25 1.23357282860027e-17
-0.24 3.60641677924339e-17
-0.23 1.03928149529918e-16
-0.22 2.95213785497622e-16
-0.21 8.26582549334424e-16
-0.2 2.28129784548955e-15
-0.19 6.20617343199666e-15
-0.18 1.66422478181296e-14
-0.17 4.39892159350954e-14
-0.16 1.14611083182557e-13
-0.15 2.94342634283574e-13
-0.14 7.45119427941747e-13
-0.13 1.85927984475431e-12
-0.12 4.57309049066913e-12
-0.11 1.10871771907639e-11
-0.1 2.64958795576457e-11
-0.09 6.24139764903261e-11
-0.08 1.44921067554937e-10
-0.07 3.31686163940152e-10
-0.06 7.48288974199176e-10
-0.05 1.66401599299837e-09
-0.04 3.64747064545734e-09
-0.03 7.88083571563330e-09
-0.02 1.67841326256074e-08
-0.01 3.52347902378871e-08
0 7.29105941978794e-08
0.01 1.48715331769801e-07
0.02 2.98997123675412e-07
0.03 5.92549227253254e-07
0.04 1.15751871411281e-06
0.05 2.22883421346636e-06
0.0600000000000001 4.23032437513687e-06
0.0700000000000001 7.9143587622903e-06
0.08 1.45949951871758e-05
0.09 2.65300664948209e-05
0.1 4.75355890923847e-05
0.11 8.39548097192444e-05
0.12 0.000146156603643224
0.13 0.000250805734805405
0.14 0.000424231236021277
0.15 0.000707316813078478
0.16 0.00116244250078463
0.17 0.00188310760878639
0.18 0.00300694133869033
0.19 0.00473283029962989
0.2 0.00734282316136529
0.21 0.0112292658831297
0.22 0.0169272270832966
0.23 0.0251516473542953
0.24 0.0368377596132569
0.25 0.0531821809432561
0.26 0.0756807167551911
0.27 0.106157452778847
0.28 0.146778316215336
0.29 0.200041210048573
0.3 0.268734363538115
0.31 0.355855018168096
0.32 0.464482273769468
0.33 0.59760105282085
0.34 0.757878737222383
0.35 0.94740189961073
0.36 1.16738723197761
0.37 1.41788754071499
0.38 1.69751958269807
0.39 2.00324450090057
0.4 2.33023265979856
0.41 2.67184198502113
0.42 3.01973209317741
0.43 3.36412573007545
0.44 3.69421512563824
0.45 3.9986952347016
0.46 4.26639034207196
0.47 4.48692726447754
0.48 4.65139938150017
0.49 4.75296254152387
0.5 4.78730736481719
0.51 4.75296254152387
0.52 4.65139938150017
0.53 4.48692726447754
0.54 4.26639034207196
0.55 3.99869523470159
0.56 3.69421512563823
0.57 3.36412573007545
0.58 3.0197320931774
0.59 2.67184198502113
0.6 2.33023265979855
0.61 2.00324450090056
0.62 1.69751958269806
0.63 1.41788754071498
0.64 1.16738723197761
0.65 0.947401899610727
0.66 0.757878737222385
0.67 0.59760105282085
0.68 0.464482273769468
0.69 0.355855018168096
0.7 0.268734363538115
0.71 0.200041210048573
0.72 0.146778316215336
0.73 0.106157452778847
0.74 0.0756807167551911
0.75 0.0531821809432561
0.76 0.0368377596132569
0.77 0.0251516473542953
0.78 0.0169272270832966
0.79 0.0112292658831297
0.8 0.00734282316136525
0.81 0.00473283029962987
0.82 0.00300694133869032
0.83 0.00188310760878638
0.84 0.00116244250078463
0.85 0.000707316813078476
0.86 0.000424231236021276
0.87 0.000250805734805404
0.88 0.000146156603643223
0.89 8.39548097192441e-05
0.9 4.75355890923845e-05
0.91 2.65300664948212e-05
0.92 1.45949951871759e-05
0.93 7.9143587622903e-06
0.94 4.23032437513687e-06
0.95 2.22883421346636e-06
0.96 1.15751871411281e-06
0.97 5.92549227253254e-07
0.98 2.98997123675412e-07
0.99 1.48715331769801e-07
1 7.29105941978794e-08
1.01 3.52347902378871e-08
1.02 1.67841326256074e-08
1.03 7.88083571563330e-09
1.04 3.64747064545734e-09
1.05 1.66401599299837e-09
1.06 7.48288974199176e-10
1.07 3.31686163940152e-10
1.08 1.44921067554937e-10
1.09 6.24139764903257e-11
1.1 2.64958795576455e-11
1.11 1.10871771907639e-11
1.12 4.5730904906691e-12
1.13 1.8592798447543e-12
1.14 7.45119427941742e-13
1.15 2.94342634283568e-13
1.16 1.14611083182554e-13
1.17 4.39892159350954e-14
1.18 1.66422478181296e-14
1.19 6.20617343199666e-15
1.2 2.28129784548955e-15
1.21 8.26582549334424e-16
1.22 2.95213785497622e-16
1.23 1.03928149529918e-16
1.24 3.60641677924339e-17
1.25 1.23357282860027e-17
1.26 4.15910451579943e-18
1.27 1.38223228552959e-18
1.28 4.52802056880052e-19
1.29 1.46211626599529e-19
1.3 4.65373431809628e-20
1.31 1.46004897030747e-20
1.32 4.51522522550816e-21
1.33 1.37637752978874e-21
1.34 4.13563201678908e-22
1.35 1.22487667131671e-22
1.36 3.57592990441808e-23
1.37 1.02903889548878e-23
1.38 2.91891026130267e-24
1.39 8.16123447662966e-25
1.4 2.24924688281011e-25
1.41 6.11032849003684e-26
1.42 1.63620663370993e-26
1.43 4.31874835407596e-27
1.44 1.12363124907033e-27
1.45 2.88161448001024e-28
1.46 7.28440537713576e-29
1.47 1.81509137973457e-29
1.48 4.45809215423656e-30
1.49 1.07930887571997e-30
1.5 2.57566048279567e-31
