0.05 1.885251522248
0.1 1.3877173359964
0.15 1.12971354995409
0.2 0.960570726251355
0.25 0.837353057695803
0.3 0.741991512621977
0.35 0.665226262054892
0.4 0.601697090886711
0.45 0.548031093073333
0.5 0.501972550948532
0.55 0.461941114963787
0.6 0.426788269820399
0.65 0.395654233226893
0.7 0.367879441171442
0.75 0.342947440480663
0.8 0.320446722261255
0.85 0.300044438694524
0.9 0.281467831034285
0.95 0.264490809295592
1 0.248924062222282
1.05 0.234607641137222
1.1 0.221405312126831
1.15 0.209200194830754
1.2 0.197891352367105
1.25 0.187391094585506
1.3 0.177622823334434
1.35 0.168519294509811
1.4 0.160021204103777
1.45 0.152076028666014
1.5 0.14463706739225
1.55 0.13766264537963
1.6 0.131115446734465
1.65 0.124961953077598
1.7 0.119171968189139
1.75 0.113718213507649
1.8 0.108575982263378
1.85 0.103722842408022
1.9 0.0991383803705438
1.95 0.0948039791420057
2 0.0907026253630501
2.05 0.0868187410237451
2.1 0.0831380361385537
2.15 0.0796473793684417
2.2 0.0763346840577367
2.25 0.0731888075585835
2.3 0.0701994620487949
2.35 0.067357135323753
2.4 0.0646530202709078
2.45 0.0620789519251829
2.5 0.059627351162246
2.55 0.0572911742197489
2.6 0.0550638673488028
2.65 0.0529393259927742
2.7 0.0509118579709106
2.75 0.048976150212751
2.8 0.0471272386477014
2.85 0.0453604809041864
2.9 0.0436715315157411
2.95 0.042056319368405
3 0.0405110271557119
3.05 0.0390320726352205
3.1 0.0376160915045192
3.15 0.0362599217355089
3.2 0.0349605892239616
3.25 0.0337152946272529
3.3 0.0325214012770903
3.35 0.0313764240662774
3.4 0.0302780192192998
3.45 0.0292239748659811
3.5 0.0282122023458204
3.55 0.0272407281780043
3.6 0.0263076866386403
3.65 0.0254113128925648
3.7 0.0245499366322444
3.75 0.023721976180888
3.8 0.0229259330209903
3.85 0.0221603867131859
3.9 0.021423990173576
3.95 0.0207154652806182
4 0.0200335987853093
4.05 0.0193772385007519
4.1 0.0187452897493252
4.15 0.0181367120475964
4.2 0.017550516010837
4.25 0.0169857604605691
4.3 0.016441549719977
4.35 0.0159170310832957
4.4 0.0154113924464472
4.45 0.0149238600872401
4.5 0.0144536965844067
