-0.5 2.86871890472215e-44
-0.49 2.18383053817478e-43
-0.48 1.62888441001265e-42
-0.47 1.19042486935449e-41
-0.46 8.52420937107897e-41
-0.45 5.98062563351484e-40
-0.44 4.11130333133324e-39
-0.43 2.76919038443892e-38
-0.42 1.82753836301825e-37
-0.41 1.18173631637362e-36
-0.4 7.48712449677665e-36
-0.39 4.64782662799688e-35
-0.38 2.82699589181653e-34
-0.37 1.68477080287683e-33
-0.36 9.83777465480686e-33
-0.35 5.62850823289267e-32
-0.34 3.15522354137157e-31
-0.33 1.73303508113672e-30
-0.32 9.32663470395095e-30
-0.31 4.91793713238194e-29
-0.3 2.54086371257844e-28
-0.29 1.28623452186296e-27
-0.28 6.37968660423319e-27
-0.27 3.10040851413606e-26
-0.26 1.47631451359239e-25
-0.25 6.88777973522218e-25
-0.24 3.14861821777715e-24
-0.23 1.41026637160624e-23
-0.22 6.18903143910594e-23
-0.21 2.66124353945324e-22
-0.2 1.12120995213368e-21
-0.19 4.62838695057949e-21
-0.18 1.87202985029438e-20
-0.17 7.41884454680322e-20
-0.16 2.8807141455223e-19
-0.15 1.09598460030473e-18
-0.14 4.08553684225574e-18
-0.13 1.49222462681684e-17
-0.12 5.34022637617766e-17
-0.11 1.87251594480408e-16
-0.1 6.43326992915347e-16
-0.09 2.16560086474628e-15
-0.08 7.14275001691239e-15
-0.07 2.30830333033973e-14
-0.06 7.30904604783766e-14
-0.05 2.26761285545089e-13
-0.04 6.89314660695979e-13
-0.03 2.05308302830254e-12
-0.02 5.99150468239229e-12
-0.01 1.71319061150616e-11
0 4.79971953813678e-11
0.01 1.31754794762824e-10
0.02 3.54370359547864e-10
0.03 9.33874984450998e-10
0.04 2.41135131182436e-09
0.05 6.10060105946651e-09
0.0600000000000001 1.51225544360307e-08
0.0700000000000001 3.67297590825596e-08
0.08 8.74080427434383e-08
0.09 2.03809819295114e-07
0.1 4.65628125066652e-07
0.11 1.04230230548527e-06
0.12 2.28606505204814e-06
0.13 4.91274093694735e-06
0.14 1.03442625362461e-05
0.15 2.13410409011301e-05
0.16 4.31391967717688e-05
0.17 8.54415077276851e-05
0.18 0.000165808253560395
0.19 0.000315270821952868
0.2 0.000587356535721694
0.21 0.00107216154118484
0.22 0.00191760448443084
0.23 0.00336045621388326
0.24 0.00577002690083878
0.25 0.0097072860497944
0.26 0.0160014083893393
0.27 0.0258439554709208
0.28 0.0408978192558579
0.29 0.0634134981083515
0.3 0.096339339254135
0.31 0.143405566112206
0.32 0.209155238187892
0.33 0.298890337738329
0.34 0.418499938384267
0.35 0.574141994382297
0.36 0.771762409312895
0.37 1.01645538641915
0.38 1.31169666550343
0.39 1.65851307618377
0.4 2.05468276489446
0.41 2.49408384085943
0.42 2.9663180315744
0.43 3.4567244976819
0.44 3.9468644901202
0.45 4.41550170345924
0.46 4.84003263617628
0.47 5.19824705380619
0.48 5.47023437966222
0.49 5.64021092983429
0.5 5.69803548521301
0.51 5.64021092983429
0.52 5.47023437966222
0.53 5.19824705380619
0.54 4.84003263617628
0.55 4.41550170345923
0.56 3.94686449012019
0.57 3.45672449768189
0.58 2.96631803157439
0.59 2.49408384085942
0.6 2.05468276489446
0.61 1.65851307618377
0.62 1.31169666550343
0.63 1.01645538641914
0.64 0.771762409312893
0.65 0.574141994382295
0.66 0.418499938384268
0.67 0.298890337738329
0.68 0.209155238187892
0.69 0.143405566112206
0.7 0.096339339254135
0.71 0.0634134981083515
0.72 0.0408978192558579
0.73 0.0258439554709208
0.74 0.0160014083893393
0.75 0.0097072860497944
0.76 0.00577002690083878
0.77 0.00336045621388326
0.78 0.00191760448443084
0.79 0.00107216154118484
0.8 0.00058735653572169
0.81 0.000315270821952867
0.82 0.000165808253560394
0.83 8.54415077276843e-05
0.84 4.31391967717684e-05
0.85 2.13410409011299e-05
0.86 1.0344262536246e-05
0.87 4.91274093694731e-06
0.88 2.28606505204812e-06
0.89 1.04230230548526e-06
0.9 4.65628125066647e-07
0.91 2.03809819295115e-07
0.92 8.74080427434392e-08
0.93 3.67297590825596e-08
0.94 1.51225544360307e-08
0.95 6.10060105946651e-09
0.96 2.41135131182436e-09
0.97 9.33874984450998e-10
0.98 3.54370359547864e-10
0.99 1.31754794762824e-10
1 4.79971953813678e-11
1.01 1.71319061150616e-11
1.02 5.99150468239229e-12
1.03 2.05308302830254e-12
1.04 6.89314660695979e-13
1.05 2.26761285545089e-13
1.06 7.30904604783766e-14
1.07 2.30830333033973e-14
1.08 7.14275001691239e-15
1.09 2.16560086474625e-15
1.1 6.43326992915338e-16
1.11 1.87251594480405e-16
1.12 5.34022637617766e-17
1.13 1.49222462681681e-17
1.14 4.08553684225567e-18
1.15 1.09598460030471e-18
1.16 2.8807141455222e-19
1.17 7.41884454680322e-20
1.18 1.87202985029438e-20
1.19 4.62838695057949e-21
1.2 1.12120995213368e-21
1.21 2.66124353945324e-22
1.22 6.18903143910594e-23
1.23 1.41026637160624e-23
1.24 3.14861821777715e-24
1.25 6.88777973522218e-25
1.26 1.47631451359239e-25
1.27 3.10040851413606e-26
1.28 6.37968660423319e-27
1.29 1.28623452186296e-27
1.3 2.54086371257844e-28
1.31 4.91793713238194e-29
1.32 9.32663470395095e-30
1.33 1.73303508113668e-30
1.34 3.15522354137151e-31
1.35 5.62850823289255e-32
1.36 9.83777465480665e-33
1.37 1.68477080287679e-33
1.38 2.82699589181646e-34
1.39 4.64782662799677e-35
1.4 7.48712449677648e-36
1.41 1.1817363163736e-36
1.42 1.82753836301825e-37
1.43 2.76919038443892e-38
1.44 4.11130333133324e-39
1.45 5.98062563351484e-40
1.46 8.52420937107897e-41
1.47 1.19042486935449e-41
1.48 1.62888441001265e-42
1.49 2.18383053817478e-43
1.5 2.86871890472215e-44
