-0.5 4.73890342571441e-52
-0.49 5.16146612125945e-51
-0.48 5.48839343644667e-50
-0.47 5.69763106130987e-49
-0.46 5.77457922441696e-48
-0.45 5.71377713193561e-47
-0.44 5.51954376824184e-46
-0.43 5.20547061121305e-45
-0.42 4.79284902300645e-44
-0.41 4.30828506081348e-43
-0.4 3.78087261763715e-42
-0.39 3.23934044013585e-41
-0.38 2.70955563257813e-40
-0.37 2.21266916831876e-39
-0.36 1.76405381103295e-38
-0.35 1.3730428965679e-37
-0.34 1.0433579149402e-36
-0.33 7.74032964317299e-36
-0.32 5.60612182259233e-35
-0.31 3.96408115895861e-34
-0.3 2.73652535561786e-33
-0.29 1.84430756638376e-32
-0.28 1.21351221405692e-31
-0.27 7.79528303201579e-31
-0.26 4.88873568185045e-30
-0.25 2.99321669033796e-29
-0.24 1.78919094617534e-28
-0.23 1.04412419102439e-27
-0.22 5.9487340921855e-27
-0.21 3.30882567777599e-26
-0.2 1.79680170393395e-25
-0.19 9.52584140236314e-25
-0.18 4.93041498675025e-24
-0.17 2.49138322261889e-23
-0.16 1.22906408634134e-22
-0.15 5.91950585122607e-22
-0.14 2.78338519050781e-21
-0.13 1.27772708974027e-20
-0.12 5.72637553296379e-20
-0.11 2.5055235015387e-19
-0.1 1.07027176516375e-18
-0.09 4.46340801143492e-18
-0.08 1.81725570614212e-17
-0.07 7.2234126639184e-17
-0.06 2.8031461639708e-16
-0.05 1.06200361139794e-15
-0.04 3.92810579379605e-15
-0.03 1.41846064442828e-14
-0.02 5.00067163484957e-14
-0.01 1.72114047402719e-13
0 5.78337335219612e-13
0.01 1.89724350210628e-12
0.02 6.07633698224669e-12
0.03 1.89992982522997e-11
0.04 5.79976240118778e-11
0.05 1.72846176259302e-10
0.0600000000000001 5.02905381670801e-10
0.0700000000000001 1.42853117410145e-09
0.08 3.96159517217788e-09
0.09 1.07257432746749e-08
0.1 2.83505594995456e-08
0.11 7.31598494288321e-08
0.12 1.84315094923955e-07
0.13 4.53341980908147e-07
0.14 1.08859893253311e-06
0.15 2.55203603691387e-06
0.16 5.84093850261008e-06
0.17 1.30513488219387e-05
0.18 2.84711554824019e-05
0.19 6.0636164343964e-05
0.2 0.000126076830429117
0.21 0.000255926805205283
0.22 0.000507192941502718
0.23 0.000981313015282279
0.24 0.00185361207311524
0.25 0.00341827557968564
0.26 0.00615420881213868
0.27 0.0108171864520758
0.28 0.0185623661812952
0.29 0.03109777295473
0.3 0.0508630235874066
0.31 0.0812179439571813
0.32 0.126613128814382
0.33 0.19270031449208
0.34 0.286327484786283
0.35 0.415356092881698
0.36 0.588240693865073
0.37 0.813329411310638
0.38 1.09787986931827
0.39 1.44683864073966
0.4 1.86149686176623
0.41 2.33819889140292
0.42 2.86732898294076
0.43 3.43281604415908
0.44 4.01236534280044
0.45 4.57854347260912
0.46 5.10071603281411
0.47 5.54768613640256
0.48 5.89073588839526
0.49 6.10666579883885
0.5 6.18038723237103
0.51 6.10666579883885
0.52 5.89073588839526
0.53 5.54768613640256
0.54 5.10071603281411
0.55 4.57854347260911
0.56 4.01236534280044
0.57 3.43281604415908
0.58 2.86732898294076
0.59 2.33819889140292
0.6 1.86149686176622
0.61 1.44683864073965
0.62 1.09787986931827
0.63 0.813329411310635
0.64 0.588240693865071
0.65 0.415356092881696
0.66 0.286327484786284
0.67 0.19270031449208
0.68 0.126613128814382
0.69 0.0812179439571813
0.7 0.0508630235874066
0.71 0.03109777295473
0.72 0.0185623661812952
0.73 0.0108171864520758
0.74 0.00615420881213868
0.75 0.00341827557968564
0.76 0.00185361207311524
0.77 0.000981313015282279
0.78 0.000507192941502718
0.79 0.000255926805205283
0.8 0.000126076830429116
0.81 6.06361643439635e-05
0.82 2.84711554824016e-05
0.83 1.30513488219386e-05
0.84 5.84093850261003e-06
0.85 2.55203603691384e-06
0.86 1.0885989325331e-06
0.87 4.53341980908142e-07
0.88 1.84315094923953e-07
0.89 7.31598494288313e-08
0.9 2.83505594995453e-08
0.91 1.0725743274675e-08
0.92 3.96159517217793e-09
0.93 1.42853117410145e-09
0.94 5.02905381670801e-10
0.95 1.72846176259302e-10
0.96 5.79976240118778e-11
0.97 1.89992982522997e-11
0.98 6.07633698224669e-12
0.99 1.89724350210628e-12
1 5.78337335219612e-13
1.01 1.72114047402719e-13
1.02 5.00067163484957e-14
1.03 1.41846064442828e-14
1.04 3.92810579379605e-15
1.05 1.06200361139794e-15
1.06 2.8031461639708e-16
1.07 7.2234126639184e-17
1.08 1.81725570614212e-17
1.09 4.46340801143485e-18
1.1 1.07027176516373e-18
1.11 2.50552350153866e-19
1.12 5.72637553296369e-20
1.13 1.27772708974024e-20
1.14 2.78338519050776e-21
1.15 5.91950585122586e-22
1.16 1.22906408634131e-22
1.17 2.49138322261889e-23
1.18 4.93041498675025e-24
1.19 9.52584140236314e-25
1.2 1.79680170393395e-25
1.21 3.30882567777599e-26
1.22 5.9487340921855e-27
1.23 1.04412419102439e-27
1.24 1.78919094617534e-28
1.25 2.99321669033796e-29
1.26 4.88873568185045e-30
1.27 7.79528303201579e-31
1.28 1.21351221405692e-31
1.29 1.84430756638376e-32
1.3 2.73652535561786e-33
1.31 3.96408115895861e-34
1.32 5.60612182259233e-35
1.33 7.74032964317281e-36
1.34 1.04335791494018e-36
1.35 1.37304289656786e-37
1.36 1.76405381103291e-38
1.37 2.21266916831871e-39
1.38 2.70955563257806e-40
1.39 3.23934044013577e-41
1.4 3.78087261763705e-42
1.41 4.30828506081338e-43
1.42 4.79284902300645e-44
1.43 5.20547061121305e-45
1.44 5.51954376824184e-46
1.45 5.71377713193561e-47
1.46 5.77457922441696e-48
1.47 5.69763106130987e-49
1.48 5.48839343644667e-50
1.49 5.16146612125945e-51
1.5 4.73890342571441e-52
