0 0.103776874355149
0.2 0.125492143560091
0.4 0.148746446564367
0.6 0.172818715102635
0.8 0.196810857928572
1 0.219695644733861
1.2 0.240385324709827
1.4 0.257815227404741
1.6 0.271033696776216
1.8 0.279287901697234
2 0.282094791773878
2.2 0.279287901697234
2.4 0.271033696776216
2.6 0.257815227404741
2.8 0.240385324709827
3 0.219695644733861
3.2 0.196810857928572
3.4 0.172818715102635
3.6 0.148746446564367
3.8 0.125492143560091
4 0.103776874355149
4.2 0.084119899448311
4.4 0.0668360867508847
4.6 0.0520519966990174
4.8 0.0397354269193195
5 0.0297325723059074
5.2 0.0218072646584863
5.4 0.0156777601242171
5.6 0.0110479308330028
5.8 0.00763118510886195
6 0.00516674633852302
6.2 0.00342891249995171
6.4 0.00223053876622905
6.6 0.00142225431063134
6.8 0.000888912170219435
7 0.000544571057588178
7.2 0.00032701251243082
7.4 0.000192481189963786
7.6 0.000111051986051417
7.8 6.28027231301823e-05
8 3.4813262986687e-05
8.2 1.89158166991355e-05
8.4 1.00744088833089e-05
8.6 5.25930261089508e-06
8.8 2.69123025917017e-06
9 1.3498566943462e-06
9.2 6.63649211179144e-07
9.4 3.19818521133501e-07
9.6 1.51071572330561e-07
9.8 6.99481122393751e-08
10 3.17455866796665e-08
10.2 1.41222803014291e-08
10.4 6.15801024667087e-09
10.6 2.63202553052038e-09
10.8 1.10269117367085e-09
11 4.52826473977173e-10
11.2 1.82273625059548e-10
11.4 7.19167350701269e-11
11.6 2.7813151724527e-11
11.8 1.05434940549646e-11
12 3.91771663275435e-12
12.2 1.42690675423217e-12
12.4 5.09415643344015e-13
12.6 1.78263763593815e-13
12.8 6.11459892597934e-14
13 2.05582901131573e-14
13.2 6.77516873117443e-15
13.4 2.18860481804151e-15
13.6 6.92992759032095e-16
13.8 2.15082042939921e-16
14 6.5432530981232e-17
14.2 1.9511802724815e-17
14.4 5.70315511363659e-18
14.6 1.63398129729461e-18
14.8 4.58873617674788e-19
15 1.26314500076567e-19
15.2 3.40821855328629e-20
15.4 9.01396308884407e-21
15.6 2.33678214060435e-21
15.8 5.93792604886257e-22
16 1.47899073950077e-22
16.2 3.61085654895255e-23
16.4 8.64110189106608e-24
16.6 2.02694576003524e-24
16.8 4.66046487323276e-25
17 1.05034134452876e-25
17.2 2.32030883269673e-26
17.4 5.02429621467195e-27
17.6 1.06639669146952e-27
17.8 2.218586941417e-28
18 4.52426699214001e-29
18.2 9.04344934497801e-30
18.4 1.77187917879979e-30
18.6 3.40289234375517e-31
18.8 6.40584498396471e-32
19 1.18200346721405e-32
19.2 2.13783993973852e-33
19.4 3.79005692326583e-34
19.6 6.58613137457567e-35
19.8 1.12183544182828e-35
20 1.8730183570615e-36
