0 0.0513934432679231
0.2 0.0623550045771086
0.4 0.0746524941572544
0.6 0.0881915013190643
0.8 0.102806022380883
1 0.118255073909459
1.2 0.134224074539906
1.4 0.150331662228595
1.6 0.166142181161014
1.8 0.18118354920643
2 0.194969655722741
2.2 0.207025905913773
2.4 0.216916091021973
2.6 0.224268486550083
2.8 0.228799010504167
3 0.23032943298089
3.2 0.228799010504167
3.4 0.224268486550083
3.6 0.216916091021973
3.8 0.207025905913773
4 0.194969655722741
4.2 0.18118354920643
4.4 0.166142181161014
4.6 0.150331662228595
4.8 0.134224074539906
5 0.118255073909459
5.2 0.102806022380883
5.4 0.0881915013190642
5.6 0.0746524941572543
5.8 0.0623550045771086
6 0.0513934432679231
6.2 0.0417978095386799
6.4 0.033543527868446
6.6 0.0265627697371495
6.8 0.0207561779475808
7 0.0160040839217032
7.2 0.0121765333244258
7.4 0.00914167779467396
7.6 0.00677232147789593
7.8 0.00495060901053186
8 0.00357099380847855
8.2 0.00254172741564405
8.4 0.00178516455997304
8.6 0.00123719155360005
8.8 0.000846067559310556
9 0.00057092958335171
9.2 0.000380162659998198
9.4 0.000249784666764249
9.6 0.000161946475165548
9.8 0.000103606411373888
10 6.54050330699987e-05
10.2 4.07422598952765e-05
10.4 2.50431218694694e-05
10.6 1.51894212287531e-05
10.8 9.09082697524199e-06
11 5.36877204954689e-06
11.2 3.12864252926777e-06
11.4 1.79906283199462e-06
11.6 1.02081284189839e-06
11.8 5.71551442747897e-07
12 3.15772229006845e-07
12.2 1.72147986365734e-07
12.4 9.2606051708571e-08
12.6 4.9157093486661e-08
12.8 2.57479366226799e-08
13 1.33078554038398e-08
13.2 6.78708240612355e-09
13.4 3.41560450753512e-09
13.6 1.69613900200562e-09
13.8 8.31121869712544e-10
14 4.01862412158526e-10
14.2 1.91734148965681e-10
14.4 9.02674055944123e-11
14.6 4.19345375134612e-11
14.8 1.9223044077475e-11
15 8.69524599010373e-12
15.2 3.88106566449999e-12
15.4 1.70934417186215e-12
15.6 7.42877914813305e-13
15.8 3.18577269729743e-13
16 1.34809820837942e-13
16.2 5.62908341055468e-14
16.4 2.31933372680732e-14
16.6 9.42970724132948e-15
16.8 3.78305436861144e-15
17 1.49760183300975e-15
17.2 5.85004962257556e-16
17.4 2.25492521960257e-16
17.6 8.57658003477588e-17
17.8 3.21888567723873e-17
18 1.19208264984774e-17
18.2 4.35628804835384e-18
18.4 1.57085542817283e-18
18.6 5.58940079630973e-19
18.8 1.96247301974929e-19
19 6.79910180308108e-20
19.2 2.32438893849344e-20
19.4 7.84107238390431e-21
19.6 2.61006626178533e-21
19.8 8.57308263240455e-22
20 2.77863750560417e-22
