0 0
0.05 0.203043051527974
0.1 0.399917826062737
0.15 0.584767302846188
0.2 0.752335059018551
0.25 0.898212759235266
0.3 1.019029592682
0.35 1.11257254724486
0.4 1.17783231078328
0.45 1.21497568724844
0.5 1.22525110448654
0.55 1.21083854127442
0.6 1.17465861754297
0.65 1.12015744843415
0.7 1.05108411763269
0.75 0.971276408270096
0.8 0.884468011332125
0.85 0.794127177824654
0.9 0.70333310086055
0.95 0.61469260792359
1 0.530296360428814
1.05 0.45171096240799
1.1 0.380001337374885
1.15 0.315776504133987
1.2 0.259251438037757
1.25 0.210317940579368
1.3 0.168618205480604
1.35 0.133615889146463
1.4 0.104660793649909
1.45 0.0810445965069051
1.5 0.0620462900907291
1.55 0.0469670388143661
1.6 0.0351549762737505
1.65 0.0260210333597544
1.7 0.0190472248692918
1.75 0.0137889581159122
1.8 0.00987290478261273
1.85 0.00699184247624829
1.9 0.00489766859434324
1.95 0.0033935536217988
2 0.0023259631745026
2.05 0.00157705869757495
2.1 0.00105779832074296
2.15 0.000701907759840173
2.2 0.00046077689467388
2.25 0.000299257734251718
2.3 0.000192288794889147
2.35 0.000122243479717992
2.4 7.68898841956864e-05
2.45 4.78511739212899e-05
2.5 2.94647996142147e-05
2.55 1.79518436920137e-05
2.6 1.08222121658923e-05
2.65 6.45551376769793e-06
2.7 3.81030172533301e-06
2.75 2.2253964259013e-06
2.8 1.28611628250581e-06
2.85 7.35500549696715e-07
2.9 4.16217656533386e-07
2.95 2.33075863292785e-07
3 1.29156940156586e-07
3.05 7.08248989140666e-08
3.1 3.84331404103536e-08
3.15 2.06386464238149e-08
3.2 1.09676993630803e-08
3.25 5.76782726692472e-09
3.3 3.00175037824811e-09
3.35 1.54598620443222e-09
3.4 7.87967528320875e-10
3.45 3.97452761833801e-10
3.5 1.98399198070915e-10
3.55 9.80108348988151e-11
3.6 4.79171001698453e-11
3.65 2.31841728646738e-11
3.7 1.11014473733369e-11
3.75 5.26085958453632e-12
3.8 2.46731742081274e-12
3.85 1.14521378648594e-12
3.9 5.26069687631192e-13
3.95 2.39164669298885e-13
4 1.07609248859629e-13
4.05 4.79184471651481e-14
4.1 2.11182582893845e-14
4.15 9.2112228343887e-15
4.2 3.97632485184606e-15
4.25 1.69884319911063e-15
4.3 7.18344951469742e-16
4.35 3.00623198598851e-16
4.4 1.24515374921041e-16
4.45 5.10429549620885e-17
4.5 2.07091478311475e-17
