0 0.00810869555494024
0.2 0.00987102479987581
0.4 0.0119365327677146
0.6 0.014338339179908
0.8 0.0171089835238286
1 0.0202793611719543
1.2 0.0238775099864484
1.4 0.0279272713128948
1.6 0.0324468601172845
1.8 0.0374473898709103
2 0.0429314079379217
2.2 0.0488915058957932
2.4 0.0553090756203699
2.6 0.062153285327961
2.8 0.069380349418576
3 0.0769331614027276
3.2 0.0847413501419651
3.4 0.0927218060917971
3.6 0.100779706520096
3.8 0.108810047426719
4 0.116699666067815
4.2 0.124329712822722
4.4 0.131578506071826
4.6 0.138324680337648
4.8 0.144450517746013
5 0.149845337350046
5.2 0.15440880726415
5.4 0.15805404178559
5.6 0.160710350230723
5.8 0.162325516102697
6 0.16286750396764
6.2 0.162325516102697
6.4 0.160710350230723
6.6 0.15805404178559
6.8 0.154408807264149
7 0.149845337350046
7.2 0.144450517746013
7.4 0.138324680337648
7.6 0.131578506071826
7.8 0.124329712822722
8 0.116699666067815
8.2 0.108810047426718
8.4 0.100779706520096
8.6 0.0927218060917971
8.8 0.084741350141965
9 0.0769331614027276
9.2 0.069380349418576
9.4 0.062153285327961
9.6 0.0553090756203699
9.8 0.0488915058957931
10 0.0429314079379217
10.2 0.0374473898709103
10.4 0.0324468601172845
10.6 0.0279272713128948
10.8 0.0238775099864484
11 0.0202793611719543
11.2 0.0171089835238286
11.4 0.014338339179908
11.6 0.0119365327677146
11.8 0.0098710247998758
12 0.00810869555494024
12.2 0.00661674579827168
12.4 0.00536342990366846
12.6 0.00431862476942224
12.8 0.00345424419988893
13 0.002744513088064
13.2 0.00216611883561811
13.4 0.00169825911748859
13.6 0.00132260553055826
13.8 0.00102320208720831
14 0.000786316164775908
14.2 0.000600257636255526
14.4 0.000455179701870764
14.6 0.000342872602473621
14.8 0.000256559076751859
15 0.000190698241284835
15.2 0.000140802606666961
15.4 0.000103271243288328
15.6 7.52406986602705e-05
15.8 5.44541442074419e-05
16 3.91483766544548e-05
16.2 2.79576898383702e-05
16.4 1.9833232836675e-05
16.6 1.3976242960623e-05
16.8 9.78345105238706e-06
17 6.80296779092793e-06
17.2 4.69904340341409e-06
17.4 3.22422396455464e-06
17.6 2.19758483883915e-06
17.8 1.48788992242898e-06
18 1.0006925298337e-06
18.2 6.68552037565473e-07
18.4 4.43684726959468e-07
18.6 2.92494999011072e-07
18.8 1.91543365713161e-07
19 1.24600701430326e-07
19.2 8.05153274276139e-08
19.4 5.16822417368377e-08
19.6 3.29540522703295e-08
19.8 2.08728144683241e-08
20 1.31328173106207e-08
