0 0
0.05 0.0870036967386293
0.1 0.120003894843014
0.15 0.143345349945509
0.2 0.161434225871536
0.25 0.17603266338215
0.3 0.188073029768256
0.35 0.198126493649515
0.4 0.206576618986911
0.45 0.213697806454159
0.5 0.219695644733861
0.55 0.224729677236658
0.6 0.228927173630456
0.65 0.232391927204123
0.7 0.235210127408739
0.75 0.237454424816655
0.8 0.239186831934564
0.85 0.240460847738851
0.9 0.241323048946875
0.95 0.241814305408597
1 0.241970724519143
1.05 0.241824396355633
1.1 0.241403989654678
1.15 0.24073523436137
1.2 0.23984131668208
1.25 0.238743205766778
1.3 0.237459926333642
1.35 0.236008788090197
1.4 0.234405580283117
1.45 0.232664737844599
1.5 0.230799484208183
1.55 0.228821954810801
1.6 0.226743304489958
1.65 0.224573801360735
1.7 0.22232290927061
1.75 0.219999360547348
1.8 0.217611220451769
1.85 0.215165944504855
1.9 0.212670429663723
1.95 0.210131060163098
2 0.207553748710297
2.05 0.204943973616299
2.1 0.202306812358517
2.15 0.199646971998898
2.2 0.196968816820914
2.25 0.194276393498838
2.3 0.191573454070424
2.35 0.188863476948491
2.4 0.186149686176623
2.45 0.183435069108478
2.5 0.180722392668181
2.55 0.178014218330395
2.6 0.175312915942402
2.65 0.172620676496519
2.7 0.16993952394897
2.75 0.167271326170792
2.8 0.164617805107125
2.85 0.161980546213177
2.9 0.159361007228086
2.95 0.156760526341692
3 0.154180329803769
3.05 0.151621539020399
3.1 0.149085177177928
3.15 0.146572175431099
3.2 0.144083378688615
3.25 0.141619551026318
3.3 0.139181380755536
3.35 0.136769485171676
3.4 0.134384415006015
3.45 0.132026658601691
3.5 0.129696645833118
3.55 0.127394751786505
3.6 0.125121300217698
3.65 0.122876566802303
3.7 0.120660782191837
3.75 0.118474134888635
3.8 0.116316773951229
3.85 0.114188811541073
3.9 0.112090325320653
3.95 0.110021360712304
4 0.107981933026376
4.05 0.105972029466793
4.1 0.103991611021446
4.15 0.1020406142444
4.2 0.100118952936353
4.25 0.0982265197294199
4.3 0.0963631875818314
4.35 0.0945288111878412
4.4 0.0927232283077328
4.45 0.0909462610225312
4.5 0.089197716917722
4.55 0.0874773902000046
4.6 0.0857850627508583
4.65 0.0841205051204639
4.7 0.0824834774653049
4.75 0.0808737304325711
4.8 0.0792910059942985
4.85 0.0777350382340046
4.9 0.0762055540884125
4.95 0.0747022740467087
5 0.0732249128096324
