-0.5 1.70933909949247e-36
-0.49 9.09483622155691e-36
-0.48 4.75844869773796e-35
-0.47 2.44815974613354e-34
-0.46 1.23856261438767e-33
-0.45 6.16169267869024e-33
-0.44 3.01429638752775e-32
-0.43 1.45002578540514e-31
-0.42 6.8591349919027e-31
-0.41 3.19055935020768e-30
-0.4 1.4593792197147e-29
-0.39 6.56407207374864e-29
-0.38 2.90323624207235e-28
-0.37 1.26268570868279e-27
-0.36 5.4002268791022e-27
-0.35 2.27108087451773e-26
-0.34 9.39197756494693e-26
-0.33 3.81931383198108e-25
-0.32 1.52727589597473e-24
-0.31 6.00555988919632e-24
-0.3 2.32216652143047e-23
-0.29 8.82951949104523e-23
-0.28 3.30129726676686e-22
-0.27 1.21376901809251e-21
-0.26 4.388249539311e-21
-0.25 1.56009281514262e-20
-0.24 5.45397835832261e-20
-0.23 1.87490918462713e-19
-0.22 6.33798074591478e-19
-0.21 2.10681036919515e-18
-0.2 6.88658371978948e-18
-0.19 2.21353334487042e-17
-0.18 6.9963601650253e-17
-0.17 2.17451346312387e-16
-0.16 6.64593204147041e-16
-0.15 1.99734710271885e-15
-0.14 5.90275889776897e-15
-0.13 1.71538021956119e-14
-0.12 4.90195820233245e-14
-0.11 1.37747162844072e-13
-0.1 3.80626984181785e-13
-0.09 1.03423763671779e-12
-0.08 2.76340764574442e-12
-0.07 7.26061526452416e-12
-0.06 1.87588299536666e-11
-0.05 4.7658670340527e-11
-0.04 1.19064405861131e-10
-0.03 2.92499972432927e-10
-0.02 7.06599885177836e-10
-0.01 1.67851469701943e-09
0 3.92085324023879e-09
0.01 9.00616455520864e-09
0.02 2.03424389696357e-08
0.03 4.5182475136787e-08
0.04 9.86826645718431e-08
0.05 2.11941288110949e-07
0.0600000000000001 4.47604170311134e-07
0.0700000000000001 9.29558082813674e-07
0.08 1.89829101279873e-06
0.09 3.81200010928727e-06
0.1 7.52743250186861e-06
0.11 1.46165436578656e-05
0.12 2.79091338799811e-05
0.13 5.24024850311574e-05
0.14 9.67522913139743e-05
0.15 0.000175660650992294
0.16 0.000313611203869023
0.17 0.000550569950037096
0.18 0.000950467543386537
0.19 0.00161348871033033
0.2 0.00269338491550819
0.21 0.00442114510240844
0.22 0.00713633069133917
0.23 0.0113271073720928
0.24 0.0176793755228353
0.25 0.0271343033982373
0.26 0.0409519216312078
0.27 0.0607762285958722
0.28 0.0886945758205642
0.29 0.127281190258066
0.3 0.179611958096213
0.31 0.249235625328831
0.32 0.340086070968013
0.33 0.456322015886223
0.34 0.602085062691624
0.35 0.781174639907137
0.36 0.996649083391701
0.37 1.2503749376985
0.38 1.54256012735842
0.39 1.87131886279037
0.4 2.23232458313322
0.41 2.61860951256737
0.42 3.0205636604277
0.43 3.42617149818684
0.44 3.82150168450288
0.45 4.1914362536428
0.46 4.52059425025073
0.47 4.79437548310778
0.48 5.00002772039112
0.49 5.12762944810218
0.5 5.17088294582641
0.51 5.12762944810218
0.52 5.00002772039112
0.53 4.79437548310778
0.54 4.52059425025073
0.55 4.1914362536428
0.56 3.82150168450288
0.57 3.42617149818684
0.58 3.02056366042769
0.59 2.61860951256737
0.6 2.23232458313322
0.61 1.87131886279037
0.62 1.54256012735842
0.63 1.2503749376985
0.64 0.996649083391699
0.65 0.781174639907135
0.66 0.602085062691625
0.67 0.456322015886223
0.68 0.340086070968013
0.69 0.249235625328831
0.7 0.179611958096213
0.71 0.127281190258066
0.72 0.0886945758205642
0.73 0.0607762285958722
0.74 0.0409519216312078
0.75 0.0271343033982373
0.76 0.0176793755228353
0.77 0.0113271073720928
0.78 0.00713633069133917
0.79 0.00442114510240844
0.8 0.00269338491550818
0.81 0.00161348871033032
0.82 0.000950467543386534
0.83 0.000550569950037092
0.84 0.000313611203869021
0.85 0.000175660650992292
0.86 9.67522913139736e-05
0.87 5.24024850311572e-05
0.88 2.79091338799808e-05
0.89 1.46165436578654e-05
0.9 7.52743250186857e-06
0.91 3.81200010928731e-06
0.92 1.89829101279874e-06
0.93 9.29558082813674e-07
0.94 4.47604170311134e-07
0.95 2.11941288110949e-07
0.96 9.86826645718431e-08
0.97 4.5182475136787e-08
0.98 2.03424389696357e-08
0.99 9.00616455520864e-09
1 3.92085324023879e-09
1.01 1.67851469701943e-09
1.02 7.06599885177836e-10
1.03 2.92499972432927e-10
1.04 1.19064405861131e-10
1.05 4.7658670340527e-11
1.06 1.87588299536666e-11
1.07 7.26061526452416e-12
1.08 2.76340764574442e-12
1.09 1.03423763671777e-12
1.1 3.80626984181782e-13
1.11 1.3774716284407e-13
1.12 4.90195820233238e-14
1.13 1.71538021956116e-14
1.14 5.90275889776897e-15
1.15 1.99734710271879e-15
1.16 6.64593204147021e-16
1.17 2.17451346312387e-16
1.18 6.9963601650253e-17
1.19 2.21353334487042e-17
1.2 6.88658371978948e-18
1.21 2.10681036919515e-18
1.22 6.33798074591478e-19
1.23 1.87490918462713e-19
1.24 5.45397835832261e-20
1.25 1.56009281514262e-20
1.26 4.388249539311e-21
1.27 1.21376901809251e-21
1.28 3.30129726676686e-22
1.29 8.82951949104523e-23
1.3 2.32216652143047e-23
1.31 6.00555988919632e-24
1.32 1.52727589597473e-24
1.33 3.81931383198101e-25
1.34 9.39197756494693e-26
1.35 2.27108087451769e-26
1.36 5.40022687910209e-27
1.37 1.26268570868277e-27
1.38 2.90323624207229e-28
1.39 6.56407207374864e-29
1.4 1.45937921971467e-29
1.41 3.19055935020761e-30
1.42 6.8591349919027e-31
1.43 1.45002578540514e-31
1.44 3.01429638752775e-32
1.45 6.16169267869024e-33
1.46 1.23856261438767e-33
1.47 2.44815974613354e-34
1.48 4.75844869773796e-35
1.49 9.09483622155691e-36
1.5 1.70933909949247e-36
