-0.5 1.20083103580045e-05
-0.49 1.52472466610056e-05
-0.48 1.93133958364119e-05
-0.47 2.44052662745106e-05
-0.46 3.07656540628883e-05
-0.45 3.86906875746561e-05
-0.44 4.85405213046883e-05
-0.43 6.07519353868883e-05
-0.42 7.58531276739292e-05
-0.41 9.44810173703191e-05
-0.4 0.000117401412628646
-0.39 0.000145532428771651
-0.38 0.000179971578271916
-0.37 0.00022202698752985
-0.36 0.000273253227887686
-0.35 0.000335492278060443
-0.34 0.00041092016091035
-0.33 0.000502099817683967
-0.32 0.000612040795701457
-0.31 0.00074426632905218
-0.3 0.000902888383923248
-0.29 0.00109269121839535
-0.28 0.00131922396835119
-0.27 0.00158890271390589
-0.26 0.00190912240176467
-0.25 0.00228837889541803
-0.24 0.00273640129444539
-0.23 0.00326429450393046
-0.22 0.00388469184287927
-0.21 0.00461191725475011
-0.2 0.00546215642244919
-0.19 0.00645363579377072
-0.18 0.00760680819142849
-0.17 0.00894454331565566
-0.16 0.0104923210490618
-0.15 0.0122784250464997
-0.14 0.0143341336419478
-0.13 0.0166939046361796
-0.12 0.0193955500511539
-0.11 0.0224803964591113
-0.1 0.0259934260274173
-0.09 0.0299833929769291
-0.08 0.034502909746235
-0.07 0.0396084968019945
-0.06 0.0453605897533226
-0.05 0.051823497233067
-0.04 0.0590653029186389
-0.03 0.0671577050975294
-0.02 0.0761757873549376
-0.01 0.0861977142891952
0 0.097304346659283
0.01 0.109578771049787
0.02 0.123105740011204
0.03 0.137971019702993
0.04 0.154260643334278
0.05 0.172060070158896
0.0600000000000001 0.191453251428346
0.0700000000000001 0.212521606523107
0.08 0.235342914448756
0.09 0.259990127970758
0.1 0.286530119837381
0.11 0.3150223727641
0.12 0.345517627080096
0.13 0.378056502117888
0.14 0.412668109506608
0.15 0.449368678450924
0.16 0.488160214782187
0.17 0.529029216997077
0.18 0.571945473594032
0.19 0.616860966724476
0.2 0.663708907444439
0.21 0.712402927639413
0.22 0.762836452966348
0.23 0.814882279886793
0.24 0.868392378040885
0.25 0.923197936832732
0.26 0.979109672176625
0.27 1.03591840591805
0.28 1.09339592653554
0.29 1.15129613540533
0.3 1.20935647824116
0.31 1.26729965638866
0.32 1.32483560755264
0.33 1.38166374036906
0.34 1.43747540211286
0.35 1.49195655387267
0.36 1.54479062284086
0.37 1.59566149707732
0.38 1.64425662431838
0.39 1.69027017322143
0.4 1.73340621295215
0.41 1.77338186531413
0.42 1.8099303827506
0.43 1.84280410555967
0.44 1.87177725258012
0.45 1.89664850142708
0.46 1.91724331706572
0.47 1.93341599106466
0.48 1.94505135820639
0.49 1.95206616216708
0.5 1.95441004761168
0.51 1.95206616216708
0.52 1.94505135820639
0.53 1.93341599106466
0.54 1.91724331706572
0.55 1.89664850142708
0.56 1.87177725258012
0.57 1.84280410555967
0.58 1.8099303827506
0.59 1.77338186531413
0.6 1.73340621295215
0.61 1.69027017322143
0.62 1.64425662431838
0.63 1.59566149707732
0.64 1.54479062284086
0.65 1.49195655387267
0.66 1.43747540211286
0.67 1.38166374036906
0.68 1.32483560755264
0.69 1.26729965638866
0.7 1.20935647824116
0.71 1.15129613540533
0.72 1.09339592653554
0.73 1.03591840591805
0.74 0.979109672176625
0.75 0.923197936832732
0.76 0.868392378040885
0.77 0.814882279886793
0.78 0.762836452966348
0.79 0.712402927639413
0.8 0.663708907444439
0.81 0.616860966724476
0.82 0.571945473594032
0.83 0.529029216997076
0.84 0.488160214782186
0.85 0.449368678450923
0.86 0.412668109506608
0.87 0.378056502117888
0.88 0.345517627080096
0.89 0.315022372764099
0.9 0.286530119837381
0.91 0.259990127970759
0.92 0.235342914448756
0.93 0.212521606523107
0.94 0.191453251428346
0.95 0.172060070158896
0.96 0.154260643334278
0.97 0.137971019702993
0.98 0.123105740011204
0.99 0.109578771049787
1 0.097304346659283
1.01 0.0861977142891952
1.02 0.0761757873549376
1.03 0.0671577050975294
1.04 0.0590653029186389
1.05 0.051823497233067
1.06 0.0453605897533226
1.07 0.0396084968019945
1.08 0.034502909746235
1.09 0.0299833929769291
1.1 0.0259934260274173
1.11 0.0224803964591112
1.12 0.0193955500511538
1.13 0.0166939046361795
1.14 0.0143341336419477
1.15 0.0122784250464997
1.16 0.0104923210490618
1.17 0.00894454331565566
1.18 0.00760680819142849
1.19 0.00645363579377072
1.2 0.00546215642244919
1.21 0.00461191725475011
1.22 0.00388469184287927
1.23 0.00326429450393046
1.24 0.00273640129444539
1.25 0.00228837889541803
1.26 0.00190912240176467
1.27 0.00158890271390589
1.28 0.00131922396835119
1.29 0.00109269121839535
1.3 0.000902888383923248
1.31 0.00074426632905218
1.32 0.000612040795701457
1.33 0.000502099817683965
1.34 0.00041092016091035
1.35 0.000335492278060443
1.36 0.000273253227887686
1.37 0.00022202698752985
1.38 0.000179971578271916
1.39 0.00014553242877165
1.4 0.000117401412628645
1.41 9.44810173703187e-05
1.42 7.58531276739292e-05
1.43 6.07519353868883e-05
1.44 4.85405213046883e-05
1.45 3.86906875746561e-05
1.46 3.07656540628883e-05
1.47 2.44052662745106e-05
1.48 1.93133958364119e-05
1.49 1.52472466610056e-05
1.5 1.20083103580045e-05
