0.005 0
0.015 0
0.025 0
0.035 0
0.045 0
0.055 0
0.065 0
0.075 0
0.085 0
0.095 0
0.105 0
0.115 0
0.125 0
0.135 0
0.145 0
0.155 0
0.165 0
0.175 0
0.185 9.99999999999999e-05
0.195 3e-04
0.205 2e-04
0.215 2e-04
0.225 0.0015
0.235 0.00300000000000001
0.245 0.0044
0.255 0.00979999999999999
0.265 0.016
0.275 0.0286
0.285 0.0470000000000002
0.295 0.0713999999999999
0.305 0.1041
0.315 0.1728
0.325 0.2471
0.335 0.3535
0.345 0.501
0.355 0.669600000000003
0.365 0.900099999999999
0.375 1.169
0.385 1.5001
0.395 1.8769
0.405 2.3046
0.415 2.77610000000001
0.425 3.2467
0.435 3.7271
0.445 4.1918
0.455 4.6257
0.465 4.9894
0.475 5.27930000000002
0.485 5.52669999999999
0.495 5.65659999999999
0.505 5.62159999999999
0.515 5.5283
0.525 5.3145
0.535 5.0054
0.545 4.627
0.555 4.2137
0.565 3.6981
0.575 3.23840000000003
0.585 2.7608
0.595 2.2721
0.605 1.8904
0.615 1.5003
0.625 1.211
0.635 0.882499999999999
0.645 0.683999999999999
0.655 0.4955
0.665 0.3533
0.675 0.2431
0.685 0.1672
0.695 0.1123
0.705 0.0720000000000007
0.715 0.0488
0.725 0.0264
0.735 0.0139
0.745 0.00819999999999999
0.755 0.0051
0.765 0.0024
0.775 0.0012
0.785 0.000899999999999999
0.795 3e-04
0.805 0
0.815 5e-04
0.825 9.99999999999999e-05
0.835 0
0.845 0
0.855 0
0.865 0
0.875 0
0.885 0
0.895 0
0.905 0
0.915 0
0.925 0
0.935 0
0.945 0
0.955 0
0.965 0
0.975 0
0.985 0
0.995 0
