-0.5 1.86340197883234e-49
-0.49 1.80113810380081e-48
-0.48 1.70171004107631e-47
-0.47 1.57152825856348e-46
-0.46 1.41859006447075e-45
-0.45 1.25166964120919e-44
-0.44 1.07949493612466e-43
-0.43 9.10017168671249e-43
-0.42 7.49853889094285e-42
-0.41 6.03951127554706e-41
-0.4 4.75472091364156e-40
-0.39 3.6588647000115e-39
-0.38 2.75210979316181e-38
-0.37 2.02340699543723e-37
-0.36 1.45411523398885e-36
-0.35 1.02143912121975e-35
-0.34 7.01332938386524e-35
-0.33 4.70689023710458e-34
-0.32 3.08774901111755e-33
-0.31 1.97992161805512e-32
-0.3 1.24094373168674e-31
-0.29 7.60246216639412e-31
-0.28 4.55254797665702e-30
-0.27 2.6647279719692e-29
-0.26 1.52457683316825e-28
-0.25 8.52597072826993e-28
-0.24 4.66054219445983e-27
-0.23 2.49015933681423e-26
-0.22 1.30051664678892e-25
-0.21 6.63900170215131e-25
-0.2 3.3127428874242e-24
-0.19 1.61573735676491e-23
-0.18 7.70285793306923e-23
-0.17 3.58947634565764e-22
-0.16 1.63496473310058e-21
-0.15 7.27920195146043e-21
-0.14 3.16779620024924e-20
-0.13 1.34750003282295e-19
-0.12 5.60271357958691e-19
-0.11 2.27701632178523e-18
-0.1 9.04548696260535e-18
-0.09 3.51233431054205e-17
-0.08 1.33308495210516e-16
-0.07 4.94558752118664e-16
-0.06 1.79339536702145e-15
-0.05 6.35670827270545e-15
-0.04 2.20235134587188e-14
-0.03 7.45828565755454e-14
-0.02 2.4688204604336e-13
-0.01 7.98800059623692e-13
0 2.52629902858523e-12
0.01 7.80961289405348e-12
0.02 2.35978450683912e-11
0.03 6.96968691069144e-11
0.04 2.012112592609e-10
0.05 5.67792137819947e-10
0.0600000000000001 1.56611826980431e-09
0.0700000000000001 4.22238493219001e-09
0.08 1.11272840875463e-08
0.09 2.86628000989474e-08
0.1 7.2168244207155e-08
0.11 1.77611773078775e-07
0.12 4.27263157888994e-07
0.13 1.00465564322371e-06
0.14 2.30906998422862e-06
0.15 5.18746344734382e-06
0.16 1.13912422813899e-05
0.17 2.4450357542689e-05
0.18 5.12976447202526e-05
0.19 0.000105198057913701
0.2 0.000210870634589106
0.21 0.000413164095302867
0.22 0.000791274422924099
0.23 0.00148125479089369
0.24 0.00271038193464544
0.25 0.00484762822834772
0.26 0.00847473649082143
0.27 0.0144817546956512
0.28 0.0241887962299089
0.29 0.0394916619698892
0.3 0.0630223584999206
0.31 0.0983064421149675
0.32 0.149888181622321
0.33 0.223383396103677
0.34 0.325411182716004
0.35 0.463353174987934
0.36 0.644896320364811
0.37 0.877335576219203
0.38 1.16664753517637
0.39 1.51639268583284
0.4 1.92655663258948
0.41 2.39248908287413
0.42 2.90413121820072
0.43 3.4457248243403
0.44 3.99616152352743
0.45 4.53005590859756
0.46 5.01951984776016
0.47 5.43649352957332
0.48 5.75537546326034
0.49 5.9556138638983
0.5 6.02389633252035
0.51 5.9556138638983
0.52 5.75537546326034
0.53 5.43649352957332
0.54 5.01951984776016
0.55 4.53005590859755
0.56 3.99616152352742
0.57 3.4457248243403
0.58 2.90413121820071
0.59 2.39248908287413
0.6 1.92655663258948
0.61 1.51639268583284
0.62 1.16664753517637
0.63 0.8773355762192
0.64 0.644896320364809
0.65 0.463353174987932
0.66 0.325411182716005
0.67 0.223383396103677
0.68 0.149888181622321
0.69 0.0983064421149675
0.7 0.0630223584999206
0.71 0.0394916619698892
0.72 0.0241887962299089
0.73 0.0144817546956512
0.74 0.00847473649082143
0.75 0.00484762822834772
0.76 0.00271038193464544
0.77 0.00148125479089369
0.78 0.000791274422924099
0.79 0.000413164095302867
0.8 0.000210870634589104
0.81 0.0001051980579137
0.82 5.12976447202521e-05
0.83 2.44503575426889e-05
0.84 1.13912422813898e-05
0.85 5.18746344734377e-06
0.86 2.3090699842286e-06
0.87 1.0046556432237e-06
0.88 4.2726315788899e-07
0.89 1.77611773078773e-07
0.9 7.21682442071542e-08
0.91 2.86628000989477e-08
0.92 1.11272840875465e-08
0.93 4.22238493219001e-09
0.94 1.56611826980431e-09
0.95 5.67792137819947e-10
0.96 2.012112592609e-10
0.97 6.96968691069144e-11
0.98 2.35978450683912e-11
0.99 7.80961289405348e-12
1 2.52629902858523e-12
1.01 7.98800059623692e-13
1.02 2.4688204604336e-13
1.03 7.45828565755454e-14
1.04 2.20235134587188e-14
1.05 6.35670827270545e-15
1.06 1.79339536702145e-15
1.07 4.94558752118664e-16
1.08 1.33308495210516e-16
1.09 3.51233431054199e-17
1.1 9.04548696260521e-18
1.11 2.27701632178523e-18
1.12 5.60271357958682e-19
1.13 1.34750003282293e-19
1.14 3.16779620024918e-20
1.15 7.27920195146017e-21
1.16 1.63496473310055e-21
1.17 3.58947634565764e-22
1.18 7.70285793306923e-23
1.19 1.61573735676491e-23
1.2 3.3127428874242e-24
1.21 6.63900170215131e-25
1.22 1.30051664678892e-25
1.23 2.49015933681423e-26
1.24 4.66054219445983e-27
1.25 8.52597072826993e-28
1.26 1.52457683316825e-28
1.27 2.6647279719692e-29
1.28 4.55254797665702e-30
1.29 7.60246216639412e-31
1.3 1.24094373168674e-31
1.31 1.97992161805512e-32
1.32 3.08774901111755e-33
1.33 4.70689023710447e-34
1.34 7.01332938386508e-35
1.35 1.02143912121972e-35
1.36 1.45411523398882e-36
1.37 2.02340699543718e-37
1.38 2.75210979316175e-38
1.39 3.65886470001141e-39
1.4 4.75472091364145e-40
1.41 6.03951127554691e-41
1.42 7.49853889094285e-42
1.43 9.10017168671249e-43
1.44 1.07949493612466e-43
1.45 1.25166964120919e-44
1.46 1.41859006447075e-45
1.47 1.57152825856348e-46
1.48 1.70171004107631e-47
1.49 1.80113810380081e-48
1.5 1.86340197883234e-49
