0 0.026995483256594
0.2 0.0328079073873383
0.4 0.0394750791504471
0.6 0.0470245386884435
0.8 0.0554604173397278
1 0.0647587978329459
1.2 0.0748637328178724
1.4 0.0856842960239037
1.6 0.0970930274916065
1.8 0.108926088516275
2 0.120985362259572
2.2 0.133042624949377
2.4 0.144845776380741
2.6 0.156126966683381
2.8 0.1666123014459
3 0.17603266338215
3.2 0.184135070151662
3.4 0.190693907730262
3.6 0.195521346987728
3.8 0.198476273738506
4 0.199471140200716
4.2 0.198476273738506
4.4 0.195521346987728
4.6 0.190693907730262
4.8 0.184135070151662
5 0.17603266338215
5.2 0.1666123014459
5.4 0.156126966683381
5.6 0.144845776380741
5.8 0.133042624949377
6 0.120985362259572
6.2 0.108926088516275
6.4 0.0970930274916065
6.6 0.0856842960239037
6.8 0.0748637328178724
7 0.0647587978329459
7.2 0.0554604173397278
7.4 0.0470245386884435
7.6 0.0394750791504471
7.8 0.0328079073873383
8 0.026995483256594
8.2 0.0219917979902136
8.4 0.0177372964231157
8.6 0.0141635188708006
8.8 0.0111972651474214
9 0.00876415024678427
9.2 0.0067914846168428
9.4 0.0052104674072113
9.6 0.00395772579148997
9.8 0.00297626620988792
10 0.002215924205969
10.2 0.00163340952809996
10.4 0.00119204410073242
10.6 0.000861284469526838
10.8 0.000616109584236509
11 0.00043634134752288
11.2 0.000305950965056885
11.4 0.000212390135275376
11.6 0.00014597346289573
11.8 9.93277356963862e-05
12 6.69151128824427e-05
12.2 4.46308285885663e-05
12.4 2.94715338782699e-05
12.6 1.92675983710435e-05
12.8 1.24712356450268e-05
13 7.99187055345274e-06
13.2 5.07042603274336e-06
13.4 3.18491258943354e-06
13.6 1.98064954551603e-06
13.8 1.21948037294668e-06
14 7.43359757367149e-07
14.2 4.48621758119165e-07
14.4 2.68051767234881e-07
14.6 1.58567460835798e-07
14.8 9.28680922277645e-08
15 5.38488002127164e-08
15.2 3.09131025008291e-08
15.4 1.75697754741022e-08
15.6 9.8865982031223e-09
15.8 5.50788181234115e-09
16 3.03794142491164e-09
16.2 1.65894212177365e-09
16.4 8.96891953982036e-10
16.6 4.80071668515614e-10
16.8 2.54407014082252e-10
17 1.33477830738143e-10
17.2 6.93339997082659e-11
17.4 3.56566406199801e-11
17.6 1.81548075089589e-11
17.8 9.15166108507786e-12
18 4.5673602041823e-12
18.2 2.25677183860276e-12
18.4 1.10399498156856e-12
18.6 5.34691893577079e-13
18.8 2.56387681839833e-13
19 1.2171602665145e-13
19.2 5.72078245090062e-14
19.4 2.66207418612646e-14
19.6 1.22642764284821e-14
19.8 5.5939781071759e-15
20 2.52613554176845e-15
