0.005 0
0.015 0
0.025 0
0.035 0
0.045 1e-04
0.055 1e-04
0.065 4e-04
0.075 8e-04
0.085 0.0019
0.095 0.0025
0.105 0.0046
0.115 0.0064
0.125 0.0133
0.135 0.017
0.145 0.0241
0.155 0.0346
0.165 0.0511
0.175 0.0581000000000001
0.185 0.0864999999999999
0.195 0.1153
0.205 0.1424
0.215 0.1838
0.225 0.2166
0.235 0.267100000000001
0.245 0.3364
0.255 0.3993
0.265 0.4818
0.275 0.576499999999999
0.285 0.681200000000003
0.295 0.797199999999999
0.305 0.913399999999999
0.315 1.0474
0.325 1.1877
0.335 1.3131
0.345 1.4736
0.355 1.62810000000001
0.365 1.8082
0.375 1.9692
0.385 2.124
0.395 2.3138
0.405 2.4564
0.415 2.56360000000001
0.425 2.7428
0.435 2.8931
0.445 2.9726
0.455 3.0979
0.465 3.2023
0.475 3.23730000000002
0.485 3.2773
0.495 3.2747
0.505 3.2864
0.515 3.2813
0.525 3.2564
0.535 3.1781
0.545 3.0791
0.555 3.0092
0.565 2.8885
0.575 2.74230000000003
0.585 2.5771
0.595 2.4238
0.605 2.3184
0.615 2.1375
0.625 1.9503
0.635 1.7851
0.645 1.6335
0.655 1.468
0.665 1.3344
0.675 1.1776
0.685 1.0406
0.695 0.917599999999999
0.705 0.786100000000008
0.715 0.675399999999999
0.725 0.582
0.735 0.479
0.745 0.4194
0.755 0.3392
0.765 0.2776
0.775 0.222
0.785 0.1851
0.795 0.1441
0.805 0.1096
0.815 0.0850999999999999
0.825 0.0661999999999999
0.835 0.0494000000000005
0.845 0.031
0.855 0.0233
0.865 0.0167
0.875 0.0107
0.885 0.00739999999999999
0.895 0.0044
0.905 0.0022
0.915 0.0021
0.925 0.000599999999999999
0.935 4e-04
0.945 9.99999999999999e-05
0.955 0.000100000000000001
0.965 0
0.975 0
0.985 0
0.995 0
