0.005 0
0.015 0
0.025 0
0.035 0
0.045 0
0.055 0
0.065 0
0.075 0
0.085 0
0.095 0
0.105 0
0.115 0
0.125 0
0.135 0
0.145 0
0.155 0
0.165 0
0.175 2e-04
0.185 0.000699999999999999
0.195 0.000699999999999999
0.205 0.001
0.215 0.0023
0.225 0.0033
0.235 0.00690000000000001
0.245 0.0131
0.255 0.0189
0.265 0.0307
0.275 0.0526
0.285 0.0755000000000004
0.295 0.117
0.305 0.1655
0.315 0.2341
0.325 0.3426
0.335 0.4651
0.345 0.632699999999999
0.355 0.813300000000004
0.365 1.0625
0.375 1.3374
0.385 1.6719
0.395 2.0021
0.405 2.4317
0.415 2.81780000000001
0.425 3.2386
0.435 3.6752
0.445 4.0597
0.455 4.4836
0.465 4.7335
0.475 5.06390000000002
0.485 5.2128
0.495 5.24719999999999
0.505 5.29339999999999
0.515 5.1693
0.525 5.0303
0.535 4.7319
0.545 4.4443
0.555 4.0823
0.565 3.6634
0.575 3.26990000000003
0.585 2.8137
0.595 2.4301
0.605 2.009
0.615 1.6817
0.625 1.3301
0.635 1.0647
0.645 0.819499999999999
0.655 0.617799999999999
0.665 0.4596
0.675 0.3467
0.685 0.2413
0.695 0.1751
0.705 0.112000000000001
0.715 0.0760999999999999
0.725 0.0504
0.735 0.0292
0.745 0.0199
0.755 0.0104
0.765 0.00639999999999999
0.775 0.0036
0.785 0.0016
0.795 0.000999999999999999
0.805 5e-04
0.815 4e-04
0.825 2e-04
0.835 0.000100000000000001
0.845 0
0.855 0
0.865 0
0.875 0
0.885 0
0.895 0
0.905 0
0.915 0
0.925 0
0.935 0
0.945 0
0.955 0
0.965 0
0.975 0
0.985 0
0.995 0
