0 0.172961457258581
0.2 0.234774231378044
0.4 0.301456080272737
0.6 0.366159407889769
0.8 0.420715851246382
1 0.457277762417463
1.2 0.470157986289797
1.4 0.457277762417463
1.6 0.420715851246382
1.8 0.366159407889769
2 0.301456080272737
2.2 0.234774231378044
2.4 0.172961457258581
2.6 0.120537109497207
2.8 0.0794629600274783
3 0.0495542871765123
3.2 0.0292327893287374
3.4 0.0163129238543271
3.6 0.00861124389753836
3.8 0.00430004004230039
4 0.00203119509142976
4.2 0.00090761842931363
4.4 0.000383643197374492
4.6 0.000153399599861943
4.8 5.80221049778115e-05
5 2.07603782956991e-05
5.2 7.0266702652306e-06
5.4 2.24976115724366e-06
5.6 6.8139004315371e-07
5.8 1.9522151589631e-07
6 5.29093111327775e-08
6.2 1.35646646774227e-08
6.4 3.28971705464077e-09
6.6 7.54710789961955e-10
6.8 1.63785367910328e-10
7 3.36234420949109e-11
7.2 6.52952772125725e-12
7.4 1.19948244960557e-12
7.6 2.08438795367559e-13
7.8 3.42638168552622e-14
8 5.32801518931227e-15
8.2 7.83732212563954e-16
8.4 1.09054218302053e-16
8.6 1.43545561907903e-17
8.8 1.78734997691121e-18
9 2.10524166794281e-19
9.2 2.34566962549605e-20
9.4 2.47231759605604e-21
9.6 2.46498456583457e-22
9.8 2.32485931616745e-23
10 2.07420501373569e-24
10.2 1.75056890754794e-25
10.4 1.39758834477887e-26
10.6 1.0554844966166e-27
10.8 7.54044498689987e-29
11 5.0958263689294e-30
11.2 3.25765280846403e-31
11.4 1.97000577869012e-32
11.6 1.12694502956708e-33
11.8 6.09832398759646e-35
12 3.12169726176917e-36
12.2 1.51162338582718e-37
12.4 6.92418957218826e-39
12.6 3.00031481064165e-40
12.8 1.22980776505e-41
13 4.76848218751151e-43
13.2 1.74902342973104e-44
13.4 6.06853161291413e-46
13.6 1.99179271143615e-47
13.8 6.18410974041019e-49
14 1.81627985268156e-50
14.2 5.04615831892592e-52
14.4 1.32620758457696e-53
14.6 3.29711937472719e-55
14.8 7.75408155117589e-57
15 1.7250376803674e-58
15.2 3.63027342384373e-60
15.4 7.22690948841617e-62
15.6 1.36093825995779e-63
15.8 2.42435804859763e-65
16 4.08533454030917e-67
16.2 6.51224933733836e-69
16.4 9.81989724452647e-71
16.6 1.40073311258261e-72
16.8 1.89006341579765e-74
17 2.4125142397912e-76
17.2 2.91296940801492e-78
17.4 3.32716616374055e-80
17.6 3.59488983953602e-82
17.8 3.67425430058512e-84
18 3.55242865507792e-86
18.2 3.24903243371381e-88
18.4 2.81096383215427e-90
18.6 2.30053580783767e-92
18.8 1.78104653155352e-94
19 1.30434976200006e-96
19.2 9.03619073467897e-99
19.4 5.92173875805148e-101
19.6 3.67101051024322e-103
19.8 2.15275467160608e-105
20 1.19419701578046e-107
