0.51 0
0.51 0.350338791220834
0.52 0.369736115598185
0.53 0.389774095067668
0.54 0.410441740086165
0.55 0.431725318886306
0.56 0.453608274707594
0.57 0.476071154775035
0.58 0.49909155211915
0.59 0.522644061285028
0.6 0.546700248919979
0.61 0.571228640159358
0.62 0.596194721648468
0.63 0.621560961945219
0.64 0.647286849944043
0.65 0.673328951846863
0.66 0.699640987082414
0.67 0.726173923441835
0.68 0.752876091557082
0.69 0.779693318700543
0.7 0.806569081730478
0.71 0.833444678848861
0.72 0.860259419677459
0.73 0.886950832995849
0.74 0.913454891323428
0.75 0.939706251367675
0.76 0.965638509204942
0.77 0.991184468909342
0.78 1.01627642320172
0.79 1.04084644455587
0.8 1.06482668507451
0.81 1.08814968333509
0.82 1.110748676306
0.83 1.13255791434919
0.84 1.15351297725641
0.85 1.17355108921433
0.86 1.1926114305599
0.87 1.21063544417139
0.88 1.22756713434441
0.89 1.24335335602443
0.9 1.25794409230998
0.91 1.27129271820175
0.92 1.28335624865338
0.93 1.29409556907849
0.94 1.30347564658485
0.95 1.3114657203398
0.96 1.31803946961939
0.97 1.32317515825671
0.98 1.32685575437984
0.99 1.32906902451659
1 1.32980760133811
1.01 1.32906902451659
1.02 1.32685575437984
1.03 1.32317515825671
1.04 1.31803946961939
1.05 1.3114657203398
1.06 1.30347564658485
1.07 1.29409556907849
1.08 1.28335624865338
1.09 1.27129271820175
1.1 1.25794409230998
1.11 1.24335335602443
1.12 1.22756713434441
1.13 1.21063544417139
1.14 1.1926114305599
1.15 1.17355108921433
1.16 1.15351297725641
1.17 1.13255791434919
1.18 1.110748676306
1.19 1.08814968333509
1.2 1.06482668507451
1.21 1.04084644455587
1.22 1.01627642320172
1.23 0.991184468909342
1.24 0.965638509204942
1.25 0.939706251367675
1.26 0.913454891323428
1.27 0.886950832995849
1.28 0.860259419677459
1.29 0.833444678848861
1.3 0.806569081730478
1.31 0.779693318700543
1.32 0.752876091557081
1.33 0.726173923441835
1.34 0.699640987082414
1.35 0.673328951846863
1.36 0.647286849944044
1.37 0.621560961945219
1.38 0.596194721648469
1.39 0.571228640159357
1.4 0.546700248919979
1.41 0.522644061285028
1.42 0.49909155211915
1.43 0.476071154775034
1.44 0.453608274707594
1.45 0.431725318886305
1.46 0.410441740086165
1.47 0.389774095067668
1.48 0.369736115598185
1.49 0.350338791220834
1.5 0.331590462642496
1.51 0.313496924589623
1.52 0.29606153696864
1.53 0.279285343166549
1.54 0.263167194336314
1.55 0.247703878529977
1.56 0.232890253569717
1.57 0.218719382582255
1.58 0.205182671164491
1.59 0.192270005197109
1.6 0.179969888377293
1.61 0.168269578600759
1.62 0.157155222386238
1.63 0.146611986601424
1.64 0.136624186817407
1.65 0.12717541168806
1.66 0.118248642820771
1.67 0.109826369674848
1.68 0.101890699092952
1.69 0.0944234591386706
1.7 0.0874062969790316
1.71 0.0808207706140912
1.72 0.074648434316143
1.73 0.0688709176982607
1.74 0.0634699983855009
1.75 0.0584276683118951
1.76 0.0537261937121633
1.77 0.0493481689187543
1.78 0.0452765641122854
1.79 0.0414947672066806
1.8 0.0379866200793248
1.81 0.0347364493814086
1.82 0.0317290921844573
1.83 0.0289499167359296
1.84 0.0263848386099332
1.85 0.0240203325486974
1.86 0.0218434402967117
1.87 0.0198417747325862
1.88 0.0180035206039812
1.89 0.0163174321686298
1.9 0.0147728280397933
1.91 0.0133595835277211
1.92 0.0120681207600643
1.93 0.0108893968539997
1.94 0.00981489040127786
1.95 0.00883658651476702
1.96 0.00794696067154947
1.97 0.00713896157344256
1.98 0.00640599323117336
1.99 0.00574189646351226
2 0.00514092998763702
2.01 0.00459775126201002
2.02 0.00410739722824339
2.03 0.00366526508392125
2.04 0.00326709320425124
2.05 0.00290894231681921
2.06 0.00258717702069636
2.07 0.00229844772875944
2.08 0.00203967310037924
2.09 0.00180802302064733
2.1 0.0016009021720694
2.11 0.00141593423516917
2.12 0.00125094674572543
2.13 0.00110395662840098
2.14 0.000973156419304865
2.15 0.000856901183541017
2.16 0.000753696128012281
2.17 0.000662184904642576
2.18 0.000581138594717879
2.19 0.000509445361195116
2.2 0.000446100752549616
2.21 0.000390198638987754
2.22 0.000340922759602616
2.23 0.000297538857257109
2.24 0.000259387376601224
2.25 0.000225876699629392
2.26 0.0001964768925218
2.27 0.000170713937153573
2.28 0.000148164420562586
2.29 0.000128450655806957
2.3 0.000111236207985461
2.31 9.62217997085269e-05
2.32 8.31415709668448e-05
2.33 7.17596691234954e-05
2.34 6.1867145630726e-05
2.35 5.32791370230181e-05
2.36 4.58323087448108e-05
2.37 3.93825414172315e-05
2.38 3.38028402182892e-05
2.39 2.89814491319835e-05
2.4 2.48201529020999e-05
2.41 2.12327505962236e-05
2.42 1.8143685736267e-05
2.43 1.54868189765496e-05
2.44 1.32043303034403e-05
2.45 1.1245738687156e-05
2.46 9.56702803295147e-06
2.47 8.12986915297788e-06
2.48 6.90092830973539e-06
2.49 5.85125366618669e-06
2.5 4.95573171578099e-06
