171.4 0
171.4 0.0113148496236987
172.4 0.0118605067610901
173.4 0.0124258335337547
174.4 0.0130111488020553
175.4 0.013616753732585
176.4 0.014242930306061
177.4 0.0148899398078171
178.4 0.0155580213050339
179.4 0.0162473901150914
180.4 0.0169582362696605
181.4 0.0176907229793769
182.4 0.0184449851041515
183.4 0.0192211276343758
184.4 0.0200192241884653
185.4 0.020839315532355
186.4 0.0216814081267172
187.4 0.0225454727078043
188.4 0.0234314429079367
189.4 0.0243392139217469
190.4 0.0252686412243656
191.4 0.0262195393477768
192.4 0.0271916807215958
193.4 0.0281847945845137
194.4 0.0291985659726242
195.4 0.030232634790783
196.4 0.0312865949730646
197.4 0.0323599937382584
198.4 0.0334523309461987
199.4 0.0345630585605408
200.4 0.0356915802233878
201.4 0.0368372509469266
202.4 0.0379993769269646
203.4 0.0391772154829515
204.4 0.040369975128742
205.4 0.0415768157779918
206.4 0.04279684908769
207.4 0.0440291389429153
208.4 0.0452727020854589
209.4 0.0465265088884895
210.4 0.0477894842789475
211.4 0.049060508808838
212.4 0.0503384198760668
213.4 0.0516220130949092
214.4 0.0529100438156388
215.4 0.0542012287922673
216.4 0.0554942479967545
217.4 0.056787746577456
218.4 0.0580803369589723
219.4 0.0593706010799596
220.4 0.0606570927648611
221.4 0.0619383402249156
222.4 0.06321284868321
223.4 0.064479103117955
224.4 0.0657355711175949
225.4 0.0669807058408052
226.4 0.0682129490738956
227.4 0.0694307343776173
228.4 0.0706324903148878
229.4 0.071816643750477
230.4 0.072981623213267
231.4 0.0741258623112991
232.4 0.0752478031894499
233.4 0.0763459000192574
234.4 0.077418622510124
235.4 0.0784644594308788
236.4 0.0794819221304808
237.4 0.0804695480464834
238.4 0.081425904189773
239.4 0.0823495905940305
240.4 0.0832392437183514
241.4 0.0840935397914936
242.4 0.0849111980863122
243.4 0.0856909841130708
244.4 0.0864317127205107
245.4 0.0871322510937885
246.4 0.0877915216386837
247.4 0.0884085047418059
248.4 0.0889822413969121
249.4 0.0895118356878722
250.4 0.0899964571192861
251.4 0.0904353427862684
252.4 0.0908277993754693
253.4 0.0911732049899835
254.4 0.0914710107914258
255.4 0.0917207424531045
256.4 0.0919220014189066
257.4 0.092074465963218
258.4 0.0921778920479343
259.4 0.0922321139733652
260.4 0.0922370448206037
261.4 0.0921926766837058
262.4 0.0920990806908143
263.4 0.0919564068141449
264.4 0.0917648834695487
265.4 0.0915248169071443
266.4 0.0912365903952977
267.4 0.0909006632009917
268.4 0.0905175693703823
269.4 0.0900879163140752
269.4 0
