0 1.31059885855465e-09
1 1.50563163380118e-09
2 1.72876317579018e-09
3 1.98390148350428e-09
4 2.27547740829546e-09
5 2.60851165012758e-09
6 2.98868992926033e-09
7 3.4224472763042e-09
8 3.91706248528102e-09
9 4.48076388612664e-09
10 5.12284771586826e-09
11 5.85381050246519e-09
12 6.68549702305738e-09
13 7.63126556023188e-09
14 8.70617235708885e-09
15 9.92717736564104e-09
16 1.13133735947759e-08
17 1.28862425951063e-08
18 1.46699388700794e-08
19 1.66916062773532e-08
20 1.89817297834405e-08
21 2.1574526259809e-08
22 2.45083783619853e-08
23 2.78263159168104e-08
24 3.15765496590224e-08
25 3.58130626091108e-08
26 4.05962648723029e-08
27 4.59937181661574e-08
28 5.20809369541997e-08
29 5.89422736781157e-08
30 6.66718962441067e-08
31 7.53748666331013e-08
32 8.5168330272728e-08
33 9.61828266344766e-08
34 1.08563732405647e-07
35 1.22472849535863e-07
36 1.38090151475627e-07
37 1.55615702013126e-07
38 1.75271762278898e-07
39 1.97305102729613e-07
40 2.21989538245859e-07
41 2.49628705888015e-07
42 2.80559106352765e-07
43 3.15153431764081e-07
44 3.53824204120157e-07
45 3.97027750505151e-07
46 4.45268543065073e-07
47 4.99103933743655e-07
48 5.59149315879659e-07
49 6.26083746984148e-07
50 7.00656069347402e-07
51 7.83691567571942e-07
52 8.76099204692349e-07
53 9.78879481225157e-07
54 1.09313296429336e-06
55 1.22006953689024e-06
56 1.36101842038508e-06
57 1.51743902652739e-06
58 1.69093269847446e-06
59 1.88325540374539e-06
60 2.09633144548924e-06
61 2.33226826204027e-06
62 2.59337238841225e-06
63 2.88216665714879e-06
64 3.20140871978852e-06
65 3.55411097411128e-06
66 3.94356198629205e-06
67 4.37334950108971e-06
68 4.8473851372204e-06
69 5.36993086909425e-06
70 5.9456274001084e-06
71 6.57952453666686e-06
72 7.27711367601592e-06
73 8.04436252481416e-06
74 8.88775216907174e-06
75 9.8143166196623e-06
76 1.08316849609998e-05
77 1.19481262336447e-05
78 1.31725971845201e-05
79 1.4514793021041e-05
80 1.59852013077374e-05
81 1.7595159145846e-05
82 1.93569137778006e-05
83 2.12836867595181e-05
84 2.33897418438024e-05
85 2.56904567180093e-05
86 2.82023987382854e-05
87 3.09434048011296e-05
88 3.39326654906914e-05
89 3.71908136370254e-05
90 4.07400174164102e-05
91 4.4604078119747e-05
92 4.88085327089e-05
93 5.33807612735606e-05
94 5.83500994927425e-05
95 6.37479561952651e-05
96 6.96079361024998e-05
97 7.59659678241514e-05
98 8.28604371638756e-05
99 9.03323257760055e-05
100 9.842535519753e-05
101 0.000107186136260658
102 0.000116664323870774
103 0.000126912777112249
104 0.000137987724620464
105 0.000149948935132322
106 0.000162859893099639
107 0.000176787979219907
108 0.000191804655707104
109 0.000207985656091424
110 0.000225411179301041
111 0.000244166087741297
112 0.00026434010904704
113 0.000286028041142289
114 0.000309329960197992
115 0.000334351431033418
116 0.000361203719459848
117 0.00039000400601667
118 0.000420875600499941
119 0.000453948156632088
120 0.000489357886168731
121 0.000527247771684911
122 0.000567767777228373
123 0.000611075055972298
124 0.000657334153944067
125 0.000706717208850724
126 0.000759404142965834
127 0.000815582848986846
128 0.000875449367717099
129 0.000939208056372572
130 0.00100707174626077
131 0.00107926188852798
132 0.00115600868662227
133 0.00123755121407256
134 0.00132413751614087
135 0.00141602469386359
136 0.00151347896896144
137 0.00161677572806427
138 0.00172619954466947
139 0.00184204417722876
140 0.00196461254174127
141 0.00209421665721849
142 0.0022311775623818
143 0.00237582520195474
144 0.00252849828092117
145 0.00268954408513713
146 0.00285931826670942
147 0.00303818459258705
148 0.0032265146548546
149 0.0034246875412684
150 0.003633089464638
151 0.0038521133497271
152 0.00408215837642999
153 0.00432362947807218
154 0.00457693679378676
155 0.00484249507403212
156 0.00512072303844167
157 0.00541204268533173
158 0.00571687855234073
159 0.0060356569278304
160 0.00636880501284766
161 0.00671675003362499
162 0.00707991830478541
163 0.00745873424361741
164 0.00785361933599258
165 0.00826499105471613
166 0.00869326173132505
167 0.0091388373825817
168 0.00960211649315012
169 0.0100834887561876
170 0.0105833337738352
171 0.0111020197198454
172 0.0116399019668427
173 0.0121973216809743
174 0.0127746043869665
175 0.0133720585068648
176 0.0139899738759934
177 0.0146286202399248
178 0.0152882457365023
179 0.0159690753672026
180 0.0166713094623631
181 0.0173951221450276
182 0.0181406597983824
183 0.0189080395419604
184 0.0196973477219851
185 0.0205086384214008
186 0.0213419319953006
187 0.0221972136376024
188 0.0230744319849501
189 0.0239734977639173
190 0.0248942824876699
191 0.0258366172083051
192 0.0268002913311093
193 0.0277850514969882
194 0.0287906005392979
195 0.0298165965212586
196 0.0308626518600514
197 0.0319283325435947
198 0.0330131574458561
199 0.0341165977463894
200 0.0352380764595871
201 0.036376968078911
202 0.0375325983410997
203 0.0387042441150672
204 0.0398911334198809
205 0.0410924455758618
206 0.0423073114924672
207 0.043534814096216
208 0.0447739889014757
209 0.0460238247264817
210 0.0472832645564689
211 0.0485512065552987
212 0.0498265052264353
213 0.0511079727235865
214 0.0523943803107617
215 0.0536844599709308
216 0.054976906161881
217 0.0562703777172755
218 0.0575634998903214
219 0.0588548665368468
220 0.0601430424339878
221 0.0614265657300808
222 0.0627039505207641
223 0.0639736895456985
224 0.0652342569997469
225 0.0664841114518851
226 0.0677216988645738
227 0.0689454557057962
228 0.0701538121454651
229 0.0713451953274272
230 0.0725180327078466
231 0.0736707554503355
232 0.0748018018678191
233 0.0759096209007796
234 0.0769926756212167
235 0.0780494467514029
236 0.0790784361862879
237 0.0800781705082316
238 0.0810472044826173
239 0.0819841245228118
240 0.0828875521129085
241 0.0837561471767038
242 0.0845886113814221
243 0.0853836913648232
244 0.0861401818744888
245 0.0868569288083016
246 0.0875328321453974
247 0.088166848757181
248 0.0887579950883601
249 0.0893053496983582
250 0.0898080556539187
251 0.0902653227642059
252 0.090676429650247
253 0.091040725641128
254 0.0913576324899683
255 0.09162664590334
256 0.0918473368784697
257 0.0920193528432598
258 0.0921424185948889
259 0.0922163370334933
260 0.0922409896881925
261 0.0922163370334933
262 0.0921424185948889
263 0.0920193528432598
264 0.0918473368784697
265 0.09162664590334
266 0.0913576324899683
267 0.091040725641128
268 0.090676429650247
269 0.0902653227642059
270 0.0898080556539187
271 0.0893053496983582
272 0.0887579950883601
273 0.088166848757181
274 0.0875328321453974
275 0.0868569288083016
276 0.0861401818744888
277 0.0853836913648232
278 0.0845886113814221
279 0.0837561471767038
280 0.0828875521129085
281 0.0819841245228118
282 0.0810472044826173
283 0.0800781705082316
284 0.0790784361862879
285 0.0780494467514029
286 0.0769926756212167
287 0.0759096209007796
288 0.0748018018678191
289 0.0736707554503355
290 0.0725180327078466
291 0.0713451953274272
292 0.0701538121454651
293 0.0689454557057962
294 0.0677216988645738
295 0.0664841114518851
296 0.0652342569997469
297 0.0639736895456985
298 0.0627039505207641
299 0.0614265657300808
300 0.0601430424339878
301 0.0588548665368468
302 0.0575634998903214
303 0.0562703777172755
304 0.054976906161881
305 0.0536844599709308
306 0.0523943803107617
307 0.0511079727235865
308 0.0498265052264353
309 0.0485512065552987
310 0.0472832645564689
311 0.0460238247264817
312 0.0447739889014757
313 0.043534814096216
314 0.0423073114924672
315 0.0410924455758618
316 0.0398911334198809
317 0.0387042441150672
318 0.0375325983410997
319 0.036376968078911
320 0.0352380764595871
321 0.0341165977463894
322 0.0330131574458561
323 0.0319283325435947
324 0.0308626518600514
325 0.0298165965212586
326 0.0287906005392979
327 0.0277850514969882
328 0.0268002913311093
329 0.0258366172083051
330 0.0248942824876699
331 0.0239734977639173
332 0.0230744319849501
333 0.0221972136376024
334 0.0213419319953006
335 0.0205086384214008
336 0.0196973477219851
337 0.0189080395419604
338 0.0181406597983824
339 0.0173951221450276
340 0.0166713094623631
341 0.0159690753672026
342 0.0152882457365023
343 0.0146286202399248
344 0.0139899738759934
345 0.0133720585068648
346 0.0127746043869665
347 0.0121973216809743
348 0.0116399019668427
349 0.0111020197198454
350 0.0105833337738352
351 0.0100834887561876
352 0.00960211649315012
353 0.0091388373825817
354 0.00869326173132505
355 0.00826499105471613
356 0.00785361933599258
357 0.00745873424361741
358 0.00707991830478541
359 0.00671675003362499
360 0.00636880501284766
361 0.0060356569278304
362 0.00571687855234073
363 0.00541204268533173
364 0.00512072303844167
365 0.00484249507403212
366 0.00457693679378676
367 0.00432362947807218
368 0.00408215837642999
369 0.0038521133497271
370 0.003633089464638
371 0.0034246875412684
372 0.0032265146548546
373 0.00303818459258705
374 0.00285931826670942
375 0.00268954408513713
376 0.00252849828092117
377 0.00237582520195474
378 0.0022311775623818
379 0.00209421665721849
380 0.00196461254174127
381 0.00184204417722876
382 0.00172619954466947
383 0.00161677572806427
384 0.00151347896896144
385 0.00141602469386359
386 0.00132413751614087
387 0.00123755121407256
388 0.00115600868662227
389 0.00107926188852798
390 0.00100707174626077
391 0.000939208056372572
392 0.000875449367717099
393 0.000815582848986846
394 0.000759404142965834
395 0.000706717208850724
396 0.000657334153944067
397 0.000611075055972298
398 0.000567767777228373
399 0.000527247771684911
400 0.000489357886168731
401 0.000453948156632088
402 0.000420875600499941
403 0.00039000400601667
404 0.000361203719459848
405 0.000334351431033418
406 0.000309329960197992
407 0.000286028041142289
408 0.00026434010904704
409 0.000244166087741297
410 0.000225411179301041
411 0.000207985656091424
412 0.000191804655707104
413 0.000176787979219907
414 0.000162859893099639
415 0.000149948935132322
416 0.000137987724620464
417 0.000126912777112249
418 0.000116664323870774
419 0.000107186136260658
420 9.842535519753e-05
421 9.03323257760055e-05
422 8.28604371638756e-05
423 7.59659678241514e-05
424 6.96079361024998e-05
425 6.37479561952651e-05
426 5.83500994927425e-05
427 5.33807612735606e-05
428 4.88085327089e-05
429 4.4604078119747e-05
430 4.07400174164102e-05
431 3.71908136370254e-05
432 3.39326654906914e-05
433 3.09434048011296e-05
434 2.82023987382854e-05
435 2.56904567180093e-05
436 2.33897418438024e-05
437 2.12836867595181e-05
438 1.93569137778006e-05
439 1.7595159145846e-05
440 1.59852013077374e-05
441 1.4514793021041e-05
442 1.31725971845201e-05
443 1.19481262336447e-05
444 1.08316849609998e-05
445 9.8143166196623e-06
446 8.88775216907174e-06
447 8.04436252481416e-06
448 7.27711367601592e-06
449 6.57952453666686e-06
450 5.9456274001084e-06
451 5.36993086909425e-06
452 4.8473851372204e-06
453 4.37334950108971e-06
454 3.94356198629205e-06
455 3.55411097411128e-06
456 3.20140871978852e-06
457 2.88216665714879e-06
458 2.59337238841225e-06
459 2.33226826204027e-06
460 2.09633144548924e-06
461 1.88325540374539e-06
462 1.69093269847446e-06
463 1.51743902652739e-06
464 1.36101842038508e-06
465 1.22006953689024e-06
466 1.09313296429336e-06
467 9.78879481225157e-07
468 8.76099204692349e-07
469 7.83691567571942e-07
470 7.00656069347402e-07
471 6.26083746984148e-07
472 5.59149315879659e-07
473 4.99103933743655e-07
474 4.45268543065073e-07
475 3.97027750505151e-07
476 3.53824204120157e-07
477 3.15153431764081e-07
478 2.80559106352765e-07
479 2.49628705888015e-07
480 2.21989538245859e-07
481 1.97305102729613e-07
482 1.75271762278898e-07
483 1.55615702013126e-07
484 1.38090151475627e-07
485 1.22472849535863e-07
486 1.08563732405647e-07
487 9.61828266344766e-08
488 8.5168330272728e-08
489 7.53748666331013e-08
490 6.66718962441067e-08
491 5.89422736781157e-08
492 5.20809369541997e-08
493 4.59937181661574e-08
494 4.05962648723029e-08
495 3.58130626091108e-08
496 3.15765496590224e-08
497 2.78263159168104e-08
498 2.45083783619853e-08
499 2.1574526259809e-08
500 1.89817297834405e-08
