0 0
0.05 0.417876070724827
0.1 0.777545337954846
0.15 1.08711554513468
0.2 1.35356509171792
0.25 1.58290034177696
0.3 1.7802910207782
0.35 1.95018675266653
0.4 2.09641736426339
0.45 2.22227921806233
0.5 2.33060951955471
0.55 2.42385027413774
0.6 2.50410333533524
0.65 2.57317778524046
0.7 2.63263071524105
0.75 2.68380232631441
0.8 2.72784614013176
0.85 2.76575500199654
0.9 2.79838346178075
0.95 2.82646703737548
1 2.85063879489641
1.05 2.87144361939888
1.1 2.88935049779628
1.15 2.9047630908658
1.2 2.91802883265812
1.25 2.92944676243197
1.3 2.93927426566259
1.35 2.94773287608152
1.4 2.95501326953857
1.45 2.96127956225856
1.5 2.96667301038527
1.55 2.97131519420837
1.6 2.97531075885294
1.65 2.97874977321284
1.7 2.98170976030345
1.75 2.98425744480246
1.8 2.98645025717216
1.85 2.98833762826957
1.9 2.98996210362759
1.95 2.99136030252574
2 2.99256374347
2.05 2.99359955468989
2.1 2.99449108566891
2.15 2.99525843349379
2.2 2.99591889588736
2.25 2.99648736113763
2.3 2.99697664371285
2.35 2.99739777312808
2.4 2.99776024257487
2.45 2.99807222291893
2.5 2.99834074688956
