0 0
0.05 0.437569209958848
0.1 0.677836168752843
0.15 0.865050738363129
0.2 1.02107111044274
0.25 1.15548387662946
0.3 1.2736567274754
0.35 1.37900512358044
0.4 1.47388327510102
0.45 1.56000562327877
0.5 1.63867188617656
0.55 1.71089804270116
0.6 1.77749767920242
0.65 1.83913513631314
0.7 1.89636167648567
0.75 1.94964093560157
0.8 1.99936734313544
0.85 2.0458797748592
0.9 2.08947188144189
0.95 2.13040004264829
1 2.1688895893705
1.05 2.20513973834075
1.1 2.23932755424532
1.15 2.27161116613162
1.2 2.30213240446445
1.25 2.33101898267091
1.3 2.35838631664015
1.35 2.38433905360905
1.4 2.40897236565273
1.45 2.43237305091589
1.5 2.45462047660979
1.55 2.47578739085236
1.6 2.49594062507983
1.65 2.51514170459915
1.7 2.53344738159033
1.75 2.55091010228955
1.8 2.56757841803134
1.85 2.58349734818066
1.9 2.59870870165609
1.95 2.61325136266438
2 2.62716154538307
2.05 2.64047302160211
2.1 2.65321732473487
2.15 2.66542393311092
2.2 2.6771204350473
2.25 2.68833267784608
2.3 2.69908490257336
2.35 2.7093998662263
2.4 2.71929895268516
2.45 2.72880227366768
2.5 2.7379287607506
2.55 2.74669624939159
2.6 2.75512155577224
2.65 2.76322054718538
2.7 2.77100820660556
2.75 2.77849869200873
2.8 2.78570539094337
2.85 2.79264097079972
2.9 2.79931742517552
2.95 2.80574611669384
3 2.81193781659132
3.05 2.81790274136222
3.1 2.82365058671452
3.15 2.82919055906869
3.2 2.83453140480698
3.25 2.83968143746069
3.3 2.84464856300506
3.35 2.84944030341539
3.4 2.85406381862344
3.45 2.85852592700065
3.5 2.86283312448305
3.55 2.86699160244252
3.6 2.87100726439982
3.65 2.87488574166633
3.7 2.87863240799425
3.75 2.88225239330793
3.8 2.88575059658303
3.85 2.88913169793463
3.9 2.89240016997051
3.95 2.89556028846097
4 2.89861614237286
