-1.5 1.17896203045531e-16
-1.45 4.75540957266033e-16
-1.4 1.86628817228154e-15
-1.35 7.12653769432591e-15
-1.3 2.64785614813608e-14
-1.25 9.57267501873269e-14
-1.2 3.36746438140663e-13
-1.15 1.15268748172895e-12
-1.1 3.83943763165748e-12
-1.05 1.24445809723091e-11
-1 3.9251774058159e-11
-0.95 1.20480017515774e-10
-0.9 3.59880678467461e-10
-0.85 1.04616846297842e-09
-0.8 2.95976293511309e-09
-0.75 8.14963121126433e-09
-0.7 2.18403302217422e-08
-0.65 5.69686873976632e-08
-0.6 1.44639100953423e-07
-0.55 3.57458559960419e-07
-0.5 8.59954715637582e-07
-0.45 2.01398536742729e-06
-0.4 4.59188020959319e-06
-0.35 1.01930193741902e-05
-0.3 2.20302715106841e-05
-0.25 4.6362890646888e-05
-0.2 9.50137254993598e-05
-0.15 0.000189627695605208
-0.0999999999999999 0.000368599169895456
-0.0499999999999998 0.000697887237106576
0 0.00128718099959051
0.05 0.00231295435340993
0.1 0.00404969409489028
0.15 0.00690979839508767
0.2 0.0114911417027692
0.25 0.0186289959773284
0.3 0.029445985885936
0.35 0.0453904200307075
0.4 0.0682503958445377
0.45 0.100129522754452
0.5 0.143371056818444
0.55 0.200421603806575
0.6 0.273633659177604
0.65 0.365017513723144
0.7 0.475965761794372
0.75 0.606985142890929
0.8 0.75747761264077
0.85 0.925612616177961
0.9 1.10832402054529
0.95 1.30144850216729
1 1.5
1.05 1.69855149783271
1.1 1.89167597945471
1.15 2.07438738382204
1.2 2.24252238735923
1.25 2.39301485710907
1.3 2.52403423820563
1.35 2.63498248627686
1.4 2.7263663408224
1.45 2.79957839619343
1.5 2.85662894318156
1.55 2.89987047724555
1.6 2.93174960415546
1.65 2.95460957996929
1.7 2.97055401411406
1.75 2.98137100402267
1.8 2.98850885829723
1.85 2.99309020160491
1.9 2.99595030590511
1.95 2.99768704564659
2 2.99871281900041
2.05 2.99930211276289
2.1 2.9996314008301
2.15 2.99981037230439
2.2 2.9999049862745
2.25 2.99995363710935
2.3 2.99997796972849
2.35 2.99998980698063
2.4 2.99999540811979
2.45 2.99999798601463
2.5 2.99999914004528
2.55 2.99999964254144
2.6 2.9999998553609
2.65 2.99999994303131
2.7 2.99999997815967
2.75 2.99999999185037
2.8 2.99999999704024
2.85 2.99999999895383
2.9 2.99999999964012
2.95 2.99999999987952
3 2.99999999996075
3.05 2.99999999998756
3.1 2.99999999999616
3.15 2.99999999999885
3.2 2.99999999999966
3.25 2.9999999999999
3.3 2.99999999999997
3.35 2.99999999999999
3.4 3
3.45 3
3.5 3
