0 0
0.05 0.0152671425387826
0.1 0.0606039784388869
0.15 0.134640216053679
0.2 0.235168658106826
0.25 0.359254487848319
0.3 0.503377497929096
0.35 0.663597650785786
0.4 0.835733128935732
0.45 1.01553971082755
0.5 1.19888087640479
0.55 1.38187940393328
0.6 1.56104319350987
0.65 1.73336042369369
0.7 1.89636167648567
0.75 2.04814911989531
0.8 2.18739501458861
0.85 2.31331355799868
0.9 2.42561130096388
0.95 2.52442203492228
1 2.61023217508482
1.05 2.68380232631441
1.1 2.74609001548133
1.15 2.79817762561871
1.2 2.84120849420187
1.25 2.87633305093933
1.3 2.9046658607475
1.35 2.9272535714647
1.4 2.9450530833338
1.45 2.95891877349478
1.5 2.96959731785554
1.55 2.97772853320738
1.6 2.98385068277425
1.65 2.98840881241247
1.7 2.99176487630651
1.75 2.99420863759132
1.8 2.99596856388043
1.85 2.99722215988106
1.9 2.99810537557008
1.95 2.99872089132717
2 2.99914520853337
2.05 2.99943456675965
2.1 2.99962977058774
2.15 2.99976004548675
2.2 2.99984605862837
2.25 2.99990224247348
2.3 2.99993855118946
2.35 2.99996176640102
2.4 2.99997645247297
2.45 2.99998564464782
2.5 2.99999133734891
2.55 2.99999482564505
2.6 2.99999694064387
2.65 2.99999820950845
2.7 2.9999989627512
2.75 2.99999940521223
2.8 2.99999966239448
2.85 2.99999981031828
2.9 2.99999989451035
2.95 2.99999994192856
3 2.99999996835655
3.05 2.99999998293236
3.1 2.99999999088763
3.15 2.99999999518432
3.2 2.99999999748086
3.25 2.99999999869558
3.3 2.99999999933143
3.35 2.99999999966081
3.4 2.99999999982966
3.45 2.99999999991533
3.5 2.99999999995834
3.55 2.99999999997971
3.6 2.99999999999022
3.65 2.99999999999533
3.7 2.99999999999779
3.75 2.99999999999897
3.8 2.99999999999952
3.85 2.99999999999978
3.9 2.9999999999999
3.95 2.99999999999996
4 2.99999999999998
